#energy (keV)	DWTR-WY-filter.str	DWTR-MN.str	DWTR-NC.str	DWTR-NC-filter-Ti.str	DWTR-TN.str	DWTR-TN-filter.str	DWTR-UT.str	DWTR-UT-filter.str	DWTR-WY.str
0.01	0	0	0	0	0	0	0	0	0
0.02	0	0	0	0	0	0	0	0	0
0.03	0	0	0	0	0	0	0	0	0
0.04	0	0	0	0	0	0	0	0	0
0.05	0	0	0	0	0	0	0	0	0
0.06	0	0	0	0	0	0	0	0	0
0.07	0	0	0	0	0	0	0	0	0
0.08	0	0	0	0	0	0	0	0	0
0.09	0	0	0	0	0	0	0	0	0
0.1	0	0	0	0	0	0	0	0	0
0.11	0	0	0	0	0	0	0	0	0
0.12	0	0	0	0	0	0	0	0	0
0.13	0	0	0	0	0	0	0	0	0
0.14	0	0	0	0	0	0	0	0	0
0.15	0	0	0	0	0	0	0	0	0
0.16	0	0	0	0	0	0	0	0	0
0.17	0	0	0	0	0	0	0	0	0
0.18	0	0	0	0	0	0	0	0	0
0.19	0	0	0	0	0	0	0	0	0
0.2	0	0	0	0	0	0	0	0	0
0.21	0	0	0	0	0	0	0	0	0
0.22	0	0	0	0	0	0	0	0	0
0.23	0	0	0	0	0	0	0	0	0
0.24	0	0	0	0	0	0	0	0	0
0.25	0	0	0	0	0	0	0	0	0
0.26	0	0	0	0	0	0	0	0	0
0.27	0	0	0	0	0	0	0	0	0
0.28	0	0	0	0	0	0	0	0	0
0.29	0	0	0	0	0	0	0	0	0
0.3	0	0	0	0	0	0	0	0	0
0.31	0	0	0	0	0	0	0	0	0
0.32	0	0	0	0	0	0	0	0	0
0.33	0	0	0	0	0	0	0	0	0
0.34	0	0	0	0	0	0	0	0	0
0.35	0	0	0	0	0	0	0	0	0
0.36	0	0	0	0	0	0	0	0	0
0.37	0	0	0	0	0	0	0	0	0
0.38	0	0	0	0	0	0	0	0	0
0.39	0	0	0	0	0	0	0	0	0
0.4	0	0	0	0	0	0	0	0	0
0.41	0	0	0	0	0	0	0	0	0
0.42	0	0	0	0	0	0	0	0	0
0.43	0	0	0	0	0	0	0	0	0
0.44	0	0	0	0	0	0	0	0	0
0.45	0	0	0	0	0	0	0	0	0
0.46	0	0	0	0	0	0	0	0	0
0.47	0	0	0	0	0	0	0	0	0
0.48	0	0	0	0	0	0	0	0	0
0.49	0	0	0	0	0	0	0	0	0
0.5	0	0	0	0	0	0	0	0	0
0.51	0	0	0	0	0	0	0	0	0
0.52	0	0	0	0	0	0	0	0	0
0.53	0	0	0	0	0	0	0	0	0
0.54	0	0	0	0	0	0	0	0	0
0.55	0	0	0	0	0	0	0	0	0
0.56	0	0	0	0	0	0	0	0	0
0.57	0	0	0	0	0	0	0	0	0
0.58	0	0	0	0	0	0	0	0	0
0.59	0	0	0	0	0	0	0	0	0
0.6	0	0	0	0	0	0	0	0	0
0.61	1	0	0	0	0	0	3	1	0
0.62	0	0	2	1	0	0	0	0	0
0.63	0	0	4	0	4	0	0	0	1
0.64	0	0	0	0	0	0	1	0	0
0.65	0	0	0	0	2	0	0	0	3
0.66	0	0	4	0	0	0	0	0	6
0.67	1	3	4	0	2	0	0	0	0
0.68	0	0	6	1	0	0	1	0	4
0.69	0	2	2	1	0	1	0	0	0
0.7	0	0	2	0	0	0	3	1	0
0.71	1	0	4	0	2	0	1	0	4
0.72	0	2	0	0	0	1	3	0	1
0.73	0	0	0	0	0	3	3	0	0
0.74	0	0	10	1	4	0	3	0	3
0.75	0	0	0	1	2	1	1	0	0
0.76	1	2	2	0	4	0	1	0	3
0.77	0	0	2	0	4	0	0	0	3
0.78	0	2	4	0	2	0	1	0	1
0.79	0	2	2	0	0	0	1	0	4
0.8	1	3	6	0	0	0	0	0	1
0.81	0	0	6	3	4	0	0	0	1
0.82	3	0	2	1	4	0	0	0	0
0.83	0	2	0	0	4	0	4	0	4
0.84	0	0	8	0	6	1	4	0	3
0.85	0	0	8	1	4	0	0	0	4
0.86	1	0	2	0	7	0	1	0	4
0.87	0	2	4	0	4	0	1	0	3
0.88	0	0	6	1	4	1	5	1	10
0.89	0	3	2	0	2	3	4	0	0
0.9	0	7	4	0	2	0	6	0	10
0.91	0	5	4	0	0	1	1	1	6
0.92	0	5	2	3	6	1	0	1	4
0.93	0	2	2	0	7	0	3	0	6
0.94	0	10	12	0	6	1	6	1	7
0.95	0	10	12	1	9	0	1	1	4
0.96	1	8	14	1	2	1	5	0	14
0.97	0	3	12	1	11	4	9	0	8
0.98	1	5	10	3	9	0	6	1	10
0.99	1	7	12	6	7	0	9	1	14
1	1	8	24	3	9	0	10	0	15
1.01	1	12	18	4	17	11	9	1	7
1.02	0	15	30	1	13	4	11	1	8
1.03	0	12	18	3	11	1	10	2	13
1.04	4	8	40	7	17	1	10	1	20
1.05	0	20	12	1	9	1	15	1	10
1.06	0	16	18	8	32	7	6	2	27
1.07	3	10	40	6	15	6	19	4	11
1.08	0	21	28	1	24	10	15	4	29
1.09	0	16	40	3	28	6	20	1	27
1.1	1	26	30	4	22	7	33	4	32
1.11	0	33	43	7	19	8	29	4	35
1.12	3	33	43	6	37	7	36	1	27
1.13	1	40	49	11	54	7	29	5	45
1.14	1	46	61	14	36	6	27	0	41
1.15	4	41	59	6	47	12	29	0	49
1.16	4	35	67	8	43	12	33	5	64
1.17	5	38	67	4	36	8	46	11	62
1.18	8	46	63	11	41	12	41	1	57
1.19	7	81	53	17	56	12	38	6	83
1.2	1	73	93	8	34	11	50	7	55
1.21	3	63	81	10	47	10	48	7	90
1.22	3	91	97	18	43	11	75	5	95
1.23	4	81	128	20	66	15	59	6	116
1.24	5	86	119	10	67	10	85	4	112
1.25	5	106	115	7	49	17	71	4	116
1.26	3	96	125	8	60	15	84	6	129
1.27	3	107	107	22	79	21	102	5	157
1.28	8	129	123	8	79	17	118	7	171
1.29	7	107	134	17	73	14	104	7	174
1.3	5	132	164	18	73	19	120	6	195
1.31	8	132	152	20	75	11	110	5	177
1.32	8	127	170	20	95	14	138	16	224
1.33	10	87	142	15	58	12	150	7	221
1.34	7	106	160	30	103	14	153	12	293
1.35	9	114	202	21	75	18	187	15	266
1.36	17	107	180	31	90	21	174	7	328
1.37	12	104	178	27	142	22	208	12	349
1.38	18	114	227	24	137	28	239	17	425
1.39	13	124	188	22	99	32	280	18	503
1.4	29	104	227	30	150	26	414	25	604
1.41	22	99	225	38	142	32	475	28	664
1.42	27	147	287	44	165	45	585	43	746
1.43	48	132	312	42	189	47	658	30	911
1.44	38	139	306	49	206	41	805	37	1081
1.45	57	163	344	52	200	59	932	65	1193
1.46	72	185	348	77	236	61	1061	62	1364
1.47	64	176	421	74	234	39	1226	57	1574
1.48	68	221	429	79	256	59	1335	63	1923
1.49	82	175	437	70	309	69	1377	54	1878
1.5	78	233	466	79	331	74	1493	65	2038
1.51	85	208	490	91	307	80	1458	53	2104
1.52	74	239	561	70	380	66	1470	60	2114
1.53	85	219	536	79	352	74	1335	55	2146
1.54	77	257	524	93	354	73	1280	62	2139
1.55	72	262	553	79	367	73	1165	55	1945
1.56	72	259	575	96	425	96	1079	32	1927
1.57	69	241	591	73	341	77	1070	35	1917
1.58	56	231	532	86	342	80	843	39	1760
1.59	53	234	627	83	382	78	801	33	1713
1.6	61	237	571	94	384	65	694	31	1651
1.61	47	223	553	80	339	59	669	38	1630
1.62	55	233	601	98	455	87	646	31	1539
1.63	64	252	601	80	399	80	623	28	1616
1.64	56	269	654	87	434	59	616	30	1815
1.65	79	287	716	80	402	99	614	49	1969
1.66	76	282	690	93	531	114	750	31	2317
1.67	121	269	733	104	545	106	790	44	2528
1.68	138	282	727	119	535	112	991	54	2907
1.69	145	297	921	91	576	101	1102	43	3427
1.7	187	356	937	122	662	80	1251	43	4105
1.71	182	371	980	97	646	123	1429	60	4348
1.72	232	386	1135	114	758	128	1750	83	5112
1.73	280	368	1170	124	805	121	1771	83	5305
1.74	253	440	1239	122	853	96	1813	74	5888
1.75	302	470	1348	129	1024	98	2105	75	6271
1.76	256	543	1394	178	1065	116	1990	91	6290
1.77	284	454	1342	148	1016	117	1934	65	6369
1.78	273	501	1516	146	1046	143	1984	90	6643
1.79	255	511	1552	126	1162	107	1929	60	6328
1.8	236	498	1544	169	1072	121	1796	57	6107
1.81	215	521	1467	162	1069	150	1577	52	5421
1.82	190	503	1496	164	1072	116	1482	59	5145
1.83	182	518	1356	135	1027	131	1313	47	4606
1.84	142	501	1388	167	923	156	1187	47	4072
1.85	130	437	1269	176	953	157	1005	51	3463
1.86	116	488	1352	187	928	171	839	44	2987
1.87	79	478	1097	191	827	175	727	44	2423
1.88	77	470	1075	194	872	178	620	47	2079
1.89	59	442	1069	208	780	189	569	32	1711
1.9	61	491	969	209	792	220	502	38	1449
1.91	48	548	893	216	808	226	447	47	1144
1.92	42	590	994	257	784	264	402	46	957
1.93	46	584	982	281	769	235	365	38	805
1.94	38	648	951	329	837	263	364	57	713
1.95	30	632	864	318	838	286	369	38	569
1.96	36	711	915	330	915	289	376	43	528
1.97	31	676	939	333	881	336	344	25	449
1.98	35	727	1014	322	846	350	400	51	426
1.99	30	745	998	312	885	319	457	64	415
2	31	792	1063	327	887	317	433	44	409
2.01	25	708	982	267	984	322	447	37	443
2.02	29	712	1087	298	891	264	439	31	468
2.03	18	643	923	256	868	230	498	44	458
2.04	30	732	1069	218	895	202	464	36	423
2.05	33	688	943	194	857	187	489	46	461
2.06	26	651	965	197	840	180	508	23	425
2.07	22	676	850	157	771	172	464	16	492
2.08	21	628	826	150	773	145	465	16	437
2.09	10	571	862	148	758	127	485	20	436
2.1	23	582	783	126	717	117	498	33	446
2.11	21	551	797	103	659	102	475	18	432
2.12	21	526	702	108	704	107	485	25	493
2.13	18	452	678	83	646	98	443	21	406
2.14	16	510	716	101	604	94	466	12	439
2.15	8	491	741	103	619	96	456	15	420
2.16	20	491	694	101	606	67	471	22	465
2.17	27	473	678	89	552	77	476	25	384
2.18	13	488	609	86	567	102	523	17	429
2.19	17	452	725	90	526	67	484	17	450
2.2	16	495	694	100	515	88	526	23	434
2.21	17	460	698	97	571	74	583	32	404
2.22	20	440	678	91	539	91	600	28	444
2.23	20	454	727	118	483	91	688	35	470
2.24	25	447	755	115	561	95	754	37	479
2.25	17	434	765	115	511	88	802	49	441
2.26	25	482	759	111	591	109	912	60	491
2.27	31	447	757	125	539	89	1044	63	482
2.28	26	508	828	145	558	92	1124	64	482
2.29	31	435	872	136	554	99	1266	65	558
2.3	36	505	945	141	584	92	1327	60	538
2.31	46	467	949	121	636	109	1370	62	562
2.32	20	561	1012	114	560	116	1400	86	622
2.33	29	557	986	101	524	118	1386	48	594
2.34	36	546	1034	115	612	78	1450	70	621
2.35	23	628	1075	117	588	88	1305	76	601
2.36	31	577	1073	110	565	87	1268	60	597
2.37	34	607	980	117	612	76	1184	57	537
2.38	33	589	1063	93	560	105	1158	46	510
2.39	25	569	1002	100	584	101	1021	62	495
2.4	29	620	1089	112	582	76	967	52	503
2.41	26	571	1022	77	586	51	908	48	430
2.42	14	553	974	98	608	76	709	44	457
2.43	26	524	856	76	560	70	720	42	388
2.44	25	516	931	87	629	66	587	47	392
2.45	22	541	808	94	554	54	600	31	322
2.46	18	495	793	98	526	61	551	23	338
2.47	12	480	751	101	487	84	548	30	328
2.48	7	404	745	63	561	87	508	32	280
2.49	16	452	678	67	522	95	500	27	324
2.5	22	485	654	70	503	77	518	37	325
2.51	7	394	627	70	590	73	511	32	304
2.52	20	440	569	83	528	56	534	41	290
2.53	21	396	601	100	511	67	554	51	290
2.54	22	414	609	79	481	74	627	51	342
2.55	14	404	573	80	464	62	665	49	290
2.56	21	419	544	86	436	72	732	76	364
2.57	22	363	559	69	473	65	776	74	331
2.58	12	426	615	101	509	73	944	84	364
2.59	22	447	599	80	507	62	1047	91	420
2.6	13	495	581	87	545	73	1145	92	472
2.61	10	501	648	89	554	67	1312	110	427
2.62	9	505	668	63	548	78	1350	106	517
2.63	14	587	676	84	545	63	1467	102	582
2.64	26	633	757	76	560	78	1591	137	629
2.65	10	645	806	76	610	81	1680	110	805
2.66	25	747	864	84	657	81	1714	120	819
2.67	17	744	935	80	810	89	1773	99	854
2.68	20	835	931	74	812	80	1853	97	950
2.69	16	930	1024	83	852	70	1759	94	961
2.7	17	973	1212	97	900	88	1825	70	1088
2.71	16	965	1131	62	874	77	1794	78	1132
2.72	26	1057	1220	72	1009	70	1643	69	1158
2.73	26	986	1263	65	953	74	1461	52	1158
2.74	12	1072	1200	97	1005	72	1510	47	1187
2.75	14	1075	1172	91	1027	88	1304	57	1194
2.76	21	1098	1293	83	994	87	1289	46	1179
2.77	17	1074	1227	89	1059	76	1256	31	1099
2.78	9	1031	1247	74	990	80	1245	38	1064
2.79	13	1057	1212	93	943	77	1096	26	987
2.8	8	993	1160	100	917	67	1090	35	1046
2.81	13	933	1158	90	818	73	1047	39	973
2.82	21	1014	1113	90	904	67	1002	26	889
2.83	21	957	1099	76	846	67	917	30	908
2.84	16	924	1067	84	829	80	912	30	910
2.85	18	848	1081	76	808	87	852	23	851
2.86	14	957	1010	76	797	78	797	32	837
2.87	14	940	1030	77	859	94	772	25	814
2.88	10	912	1012	100	810	96	726	18	810
2.89	13	846	961	100	749	77	712	18	701
2.9	18	839	963	94	769	88	630	17	685
2.91	18	803	866	89	734	92	613	26	646
2.92	13	835	967	87	752	83	557	26	598
2.93	23	774	911	90	692	99	521	18	590
2.94	17	760	856	97	648	94	525	15	521
2.95	30	691	806	111	657	84	446	18	534
2.96	21	635	874	79	681	102	428	31	510
2.97	22	632	828	97	644	88	358	18	434
2.98	22	609	779	104	666	91	399	17	426
2.99	33	564	704	103	565	95	295	16	450
3	26	571	672	97	608	87	295	21	418
3.01	29	482	640	94	606	87	297	27	363
3.02	29	470	670	111	573	103	287	11	381
3.03	31	485	587	100	494	84	253	26	327
3.04	33	498	609	93	530	94	245	23	352
3.05	31	389	563	104	539	94	250	20	317
3.06	38	480	583	115	533	121	237	20	314
3.07	34	401	583	110	524	110	191	21	318
3.08	33	346	609	111	522	103	211	25	367
3.09	35	373	516	107	466	89	173	17	307
3.1	48	404	557	108	502	106	204	21	328
3.11	43	381	520	121	490	125	187	23	275
3.12	49	356	540	117	473	134	220	28	322
3.13	36	414	516	115	434	103	181	22	332
3.14	53	419	526	117	488	139	205	27	353
3.15	44	384	494	142	464	140	168	33	292
3.16	56	374	492	132	470	153	180	36	338
3.17	59	421	536	143	481	118	172	39	336
3.18	72	417	609	138	479	128	172	31	336
3.19	96	401	490	135	511	150	219	35	404
3.2	113	460	526	163	503	160	199	43	416
3.21	131	389	548	142	535	157	210	38	488
3.22	152	422	617	139	603	194	215	68	493
3.23	171	434	569	160	543	196	243	68	548
3.24	213	462	640	169	625	207	303	63	681
3.25	254	491	629	173	623	256	270	91	678
3.26	305	462	686	188	717	218	330	85	859
3.27	289	521	631	191	726	278	339	118	922
3.28	355	584	729	221	801	251	388	122	1041
3.29	448	561	793	273	790	256	372	141	1051
3.3	441	590	818	249	911	343	413	138	1231
3.31	512	609	876	289	924	359	451	132	1312
3.32	575	691	998	309	1039	401	495	169	1317
3.33	516	759	976	327	1099	439	497	150	1409
3.34	556	754	1097	395	1241	467	536	178	1358
3.35	492	816	1293	454	1308	548	548	147	1393
3.36	542	950	1457	475	1443	560	508	196	1348
3.37	457	948	1542	533	1469	536	513	159	1270
3.38	514	1154	1662	538	1755	611	511	143	1333
3.39	427	1225	1979	680	1881	671	489	152	1240
3.4	436	1470	2097	752	2079	771	512	150	1169
3.41	341	1601	2200	759	2186	723	436	148	997
3.42	349	1707	2649	929	2380	867	486	168	984
3.43	225	2001	2787	1005	2637	931	441	126	884
3.44	290	2025	3279	1090	2931	987	486	144	789
3.45	230	2436	3410	1165	3266	1107	446	133	673
3.46	203	2510	3961	1296	3584	1209	536	139	664
3.47	174	2759	4192	1371	3820	1323	481	126	605
3.48	150	3059	4734	1527	4226	1476	536	169	577
3.49	131	3181	5206	1717	4463	1582	507	159	570
3.5	148	3653	5795	1877	4997	1725	563	200	537
3.51	156	3840	6080	2016	5408	1845	616	180	614
3.52	155	4503	7076	2266	6181	2102	637	203	552
3.53	177	4867	7134	2443	6657	2302	745	253	505
3.54	210	5504	8418	2954	7450	2697	826	270	561
3.55	213	5787	9195	3219	8210	3014	903	318	582
3.56	221	6853	10324	3719	9078	3540	1052	393	697
3.57	238	7478	11332	4291	9934	4012	1248	491	751
3.58	281	8771	13044	5313	11741	4887	1442	578	797
3.59	340	9620	14279	6115	12505	5607	1709	654	861
3.6	424	11202	16386	7097	14869	6767	2148	879	1018
3.61	460	13133	18284	8536	16976	8143	2330	1049	1109
3.62	574	15259	21618	10091	19238	9631	2872	1222	1254
3.63	608	17538	23022	11429	21398	10932	3297	1413	1425
3.64	752	19932	26688	13652	24988	13090	3924	1713	1643
3.65	795	22653	28752	15466	27643	14492	4455	1874	1755
3.66	903	25732	33140	17872	31087	16948	4975	2201	1916
3.67	980	27805	35892	19091	33862	18395	5272	2402	2167
3.68	1062	31191	39780	21164	38131	20846	5855	2554	2282
3.69	1105	32410	42237	22479	39400	21025	6045	2713	2373
3.7	1130	36528	46387	24272	43565	23167	6432	2882	2478
3.71	1164	36584	47981	24502	44982	22904	6390	2909	2565
3.72	1099	38690	50451	25579	47587	24120	6449	2873	2748
3.73	1169	38255	49841	24636	47273	22915	6437	2666	2463
3.74	1071	39113	52531	24747	49064	22980	6244	2665	2439
3.75	993	37206	50722	23127	46638	21430	5734	2391	2500
3.76	932	36325	50570	22180	47299	20895	5557	2269	2258
3.77	876	34556	48918	20808	44569	18551	4857	2041	2128
3.78	793	32626	46459	18774	42171	17452	4453	1784	1889
3.79	670	28829	42488	16368	38617	15137	3769	1583	1765
3.8	651	26689	40226	14706	35677	13411	3395	1392	1603
3.81	543	23189	35443	12459	31487	11264	2805	1116	1351
3.82	409	20105	32241	10797	28661	9773	2375	964	1198
3.83	372	16824	28268	8830	24443	8216	1938	773	985
3.84	329	15022	24668	7368	21419	6759	1617	644	884
3.85	224	12285	20563	5913	17829	5334	1331	512	681
3.86	180	10458	17869	5029	15585	4472	1130	427	577
3.87	161	8542	15119	3913	12731	3592	932	328	517
3.88	155	7117	12633	3350	10574	3022	759	297	430
3.89	118	5644	10340	2798	8654	2423	643	236	391
3.9	118	4885	9164	2375	7579	2215	629	213	397
3.91	111	4100	7642	2092	6524	2069	576	224	336
3.92	120	3841	6651	1962	5807	1954	623	233	335
3.93	108	3525	5958	1949	5146	1864	632	261	301
3.94	131	3567	5631	2112	4825	1946	662	263	321
3.95	147	3515	5343	2116	4817	2042	663	275	307
3.96	139	3604	5489	2373	4866	2305	751	316	332
3.97	151	4095	5578	2553	5115	2427	723	314	363
3.98	181	4092	5871	2841	5212	2675	810	375	398
3.99	184	4372	6086	2987	5732	2854	913	377	381
4	219	4870	6671	3409	6120	3143	993	396	439
4.01	181	4954	6800	3334	6170	3254	1025	382	467
4.02	204	5518	7317	3790	6683	3565	1007	476	468
4.03	237	5327	7335	3691	6866	3545	973	445	491
4.04	220	5913	7663	3844	7145	3602	1067	496	503
4.05	208	5413	7262	3673	7134	3317	1000	445	437
4.06	206	5436	8199	3639	7461	3529	1042	439	516
4.07	195	5509	7740	3391	6859	3252	965	402	485
4.08	154	5349	7691	3268	6904	3137	997	382	453
4.09	163	5126	7153	3183	6653	2904	846	388	392
4.1	143	4872	7041	2820	6292	2736	784	319	420
4.11	115	4087	6471	2488	5901	2298	658	268	406
4.12	141	3985	5914	2288	5375	1886	624	279	314
4.13	134	3534	5214	1966	4804	1804	583	210	322
4.14	122	3117	4878	1769	4377	1553	481	170	297
4.15	100	2673	4139	1439	3805	1294	397	171	248
4.16	70	2251	3730	1203	3241	1006	371	152	268
4.17	79	1831	3004	958	2744	862	275	132	241
4.18	94	1519	2655	760	2440	720	243	120	230
4.19	91	1194	2311	610	1973	584	186	97	185
4.2	76	1098	1898	464	1594	442	229	83	184
4.21	79	802	1522	364	1200	350	178	72	184
4.22	79	650	1237	333	1007	288	162	51	195
4.23	64	458	949	194	831	194	136	51	143
4.24	68	402	856	197	631	169	144	67	158
4.25	72	336	640	148	460	134	139	62	181
4.26	70	241	516	98	389	116	116	78	154
4.27	79	203	445	98	331	95	115	67	175
4.28	73	209	389	67	309	61	129	54	196
4.29	69	147	285	65	210	74	112	51	202
4.3	81	139	289	52	182	48	117	68	178
4.31	72	124	231	77	187	70	118	67	174
4.32	72	125	227	63	163	55	104	73	220
4.33	79	127	188	60	176	73	139	57	167
4.34	103	78	206	69	146	65	103	75	212
4.35	99	86	166	58	155	40	117	68	191
4.36	120	104	186	55	129	55	158	65	226
4.37	113	112	117	55	110	55	127	69	245
4.38	112	139	196	84	129	59	149	76	268
4.39	102	122	200	49	124	58	164	76	228
4.4	145	111	192	65	109	67	167	59	311
4.41	159	102	148	70	122	72	164	64	285
4.42	148	106	148	70	146	47	174	78	321
4.43	176	94	148	69	148	41	199	97	363
4.44	197	124	121	83	116	69	192	78	398
4.45	186	140	156	77	135	63	201	111	430
4.46	208	97	160	63	112	73	239	102	505
4.47	240	97	134	86	120	78	265	127	496
4.48	268	104	150	94	124	65	248	117	521
4.49	267	92	130	74	120	78	257	143	597
4.5	276	102	162	67	120	70	289	143	597
4.51	302	107	200	97	120	94	251	136	636
4.52	309	86	168	97	155	89	256	157	671
4.53	275	109	170	86	153	81	270	146	608
4.54	284	145	152	89	153	92	274	146	729
4.55	297	104	198	91	157	73	288	147	621
4.56	312	94	150	97	129	95	267	152	673
4.57	279	114	142	79	155	94	228	132	664
4.58	281	125	178	114	127	96	214	133	631
4.59	262	122	166	111	116	84	197	118	586
4.6	266	119	156	110	120	103	216	138	548
4.61	236	84	162	80	129	78	195	107	561
4.62	227	86	146	94	122	102	162	101	406
4.63	267	89	164	101	120	92	190	128	441
4.64	232	99	182	84	129	89	176	95	395
4.65	216	120	182	105	103	66	178	101	317
4.66	224	91	162	94	118	87	159	94	342
4.67	161	86	121	76	131	77	149	97	314
4.68	225	96	130	98	122	107	149	79	280
4.69	202	135	138	101	97	80	144	105	278
4.7	189	87	144	94	95	58	131	105	285
4.71	155	107	132	87	116	87	130	92	224
4.72	187	92	119	80	122	58	126	112	283
4.73	145	111	144	90	129	83	117	115	240
4.74	168	86	150	80	122	73	136	110	249
4.75	177	76	128	105	107	80	98	102	214
4.76	165	94	142	89	125	84	146	123	230
4.77	148	104	154	83	99	56	148	96	214
4.78	187	87	162	90	82	52	129	99	240
4.79	139	106	101	98	112	54	127	105	234
4.8	168	99	97	83	88	80	158	116	252
4.81	167	99	140	72	80	62	155	120	206
4.82	161	82	123	91	94	77	139	109	240
4.83	169	84	121	72	109	70	140	111	234
4.84	202	89	148	81	94	74	150	122	273
4.85	178	99	152	74	107	73	157	131	258
4.86	234	96	115	84	94	84	178	123	262
4.87	173	82	99	93	97	72	176	104	276
4.88	180	94	111	80	94	72	164	123	279
4.89	177	79	103	60	95	91	182	91	296
4.9	174	101	138	100	95	69	176	133	285
4.91	211	81	109	86	109	88	200	128	320
4.92	208	106	125	98	94	77	174	123	289
4.93	199	69	148	90	105	50	171	107	315
4.94	174	71	164	98	103	59	158	92	332
4.95	191	87	128	86	103	67	131	78	276
4.96	174	91	132	100	94	58	157	97	329
4.97	182	102	103	74	86	58	139	76	308
4.98	154	96	125	65	97	63	146	72	262
4.99	118	87	130	62	107	51	176	63	301
5	133	81	119	45	125	36	160	65	296
5.01	118	64	160	72	79	34	153	47	279
5.02	103	104	146	30	79	43	150	53	265
5.03	87	99	148	31	99	28	157	30	287
5.04	102	68	123	32	107	26	159	48	251
5.05	65	81	158	38	94	18	153	41	271
5.06	60	79	125	37	82	34	145	26	249
5.07	46	96	121	15	101	19	140	27	219
5.08	55	79	138	13	90	17	135	15	242
5.09	55	63	144	21	92	8	152	12	199
5.1	39	86	144	8	94	17	158	17	234
5.11	34	79	130	18	94	26	139	15	209
5.12	34	99	132	13	120	15	115	16	213
5.13	21	92	111	8	94	8	110	20	207
5.14	23	87	125	11	118	7	124	11	214
5.15	18	81	144	17	122	7	155	9	206
5.16	18	74	136	8	116	6	127	18	205
5.17	18	81	132	7	95	11	127	15	167
5.18	21	76	130	14	97	11	125	9	195
5.19	21	94	152	7	79	3	155	15	244
5.2	21	79	125	6	129	8	132	12	202
5.21	13	74	146	8	92	8	134	9	210
5.22	18	69	125	10	101	12	167	15	223
5.23	29	79	125	3	95	6	136	12	231
5.24	18	58	130	7	105	11	132	14	217
5.25	25	58	136	7	105	7	112	6	202
5.26	23	69	144	7	133	4	177	6	233
5.27	25	73	134	8	131	8	120	7	209
5.28	22	49	134	10	110	8	120	7	217
5.29	20	56	103	14	103	12	132	11	192
5.3	33	61	142	18	112	11	138	10	227
5.31	21	76	121	3	109	8	145	10	231
5.32	31	61	123	4	82	4	120	5	221
5.33	22	68	140	15	118	6	132	9	202
5.34	20	73	130	8	79	10	132	12	217
5.35	22	76	113	8	75	6	125	9	219
5.36	26	94	113	6	99	8	148	16	230
5.37	16	71	140	13	79	11	93	7	199
5.38	27	76	113	4	94	7	127	6	247
5.39	31	91	134	11	95	7	154	6	231
5.4	23	59	128	6	97	7	166	4	262
5.41	31	68	99	7	120	12	148	14	251
5.42	33	63	125	8	131	8	131	10	237
5.43	25	78	117	11	84	14	153	11	247
5.44	22	71	146	10	94	10	157	7	228
5.45	33	96	107	3	95	8	136	9	217
5.46	27	74	160	6	105	11	138	4	252
5.47	26	73	132	7	99	14	131	21	241
5.48	25	84	142	18	110	10	130	12	237
5.49	29	58	125	6	101	14	134	17	217
5.5	26	82	136	7	86	6	155	20	233
5.51	21	79	138	15	112	11	132	10	235
5.52	22	84	117	6	116	18	135	22	206
5.53	21	69	152	4	110	11	157	22	210
5.54	18	73	121	6	110	14	155	15	198
5.55	39	91	125	7	107	10	153	32	223
5.56	23	91	107	22	103	17	171	33	206
5.57	25	59	119	6	107	15	171	27	216
5.58	17	81	140	17	110	10	167	25	181
5.59	21	79	154	13	105	19	201	28	203
5.6	18	81	125	8	114	10	157	38	219
5.61	20	63	109	4	99	15	208	33	202
5.62	16	79	101	11	163	19	209	35	191
5.63	16	86	154	13	129	28	190	38	193
5.64	16	109	136	8	150	26	232	30	227
5.65	26	87	136	10	153	19	253	52	189
5.66	21	71	119	13	187	25	227	53	205
5.67	25	92	136	4	161	30	224	58	193
5.68	23	79	123	11	185	33	270	58	175
5.69	27	114	156	13	191	41	265	83	233
5.7	18	74	166	17	200	40	318	112	238
5.71	21	82	148	7	240	36	280	105	227
5.72	18	87	144	22	189	58	373	127	285
5.73	23	97	148	7	195	52	408	139	262
5.74	33	91	152	13	204	45	404	153	247
5.75	35	78	158	21	213	65	475	184	252
5.76	43	89	148	17	236	81	532	258	244
5.77	40	84	150	18	262	103	576	281	266
5.78	59	74	130	21	281	131	674	317	280
5.79	59	84	158	15	346	134	843	392	280
5.8	68	81	138	21	348	150	1012	503	289
5.81	52	96	182	27	363	200	1091	525	324
5.82	89	96	166	24	374	193	1238	712	332
5.83	94	86	170	24	483	212	1411	772	346
5.84	107	94	182	49	498	251	1517	829	352
5.85	120	102	186	39	593	289	1810	1011	402
5.86	133	99	170	48	543	325	1882	1017	420
5.87	129	96	154	48	619	375	2095	1135	456
5.88	161	122	192	48	694	446	2227	1286	450
5.89	155	109	231	65	764	401	2179	1259	432
5.9	181	114	166	49	732	439	2379	1397	427
5.91	158	109	223	49	801	438	2372	1312	441
5.92	161	115	204	48	790	443	2423	1370	447
5.93	156	112	186	67	829	412	2399	1340	503
5.94	150	150	231	60	880	443	2390	1276	470
5.95	154	137	219	59	788	377	2222	1243	485
5.96	151	127	200	52	780	388	2194	1197	534
5.97	174	143	219	49	694	363	1915	1042	503
5.98	176	106	215	52	666	333	1746	892	485
5.99	156	129	215	60	646	326	1574	777	496
6	145	134	257	44	569	296	1459	745	463
6.01	176	120	190	39	578	230	1290	634	517
6.02	145	135	196	52	563	227	1122	555	405
6.03	139	134	180	46	494	167	1040	464	482
6.04	152	114	223	55	472	134	900	384	461
6.05	165	129	229	45	382	118	683	323	486
6.06	168	120	237	37	348	107	574	284	482
6.07	176	160	213	52	309	94	528	211	513
6.08	190	147	249	56	324	89	492	190	566
6.09	210	170	257	65	258	72	408	131	577
6.1	220	173	249	69	258	62	345	127	586
6.11	263	168	255	59	249	63	335	113	713
6.12	259	172	283	70	243	59	284	81	760
6.13	296	181	295	79	176	56	276	95	776
6.14	310	190	289	62	200	58	303	99	918
6.15	288	198	356	79	211	44	281	95	931
6.16	397	247	295	112	198	50	297	115	1009
6.17	418	218	387	104	195	47	309	107	1095
6.18	509	262	397	141	232	47	317	97	1312
6.19	542	244	419	131	197	62	317	97	1247
6.2	600	313	470	167	223	65	355	112	1375
6.21	629	300	459	164	221	61	386	146	1533
6.22	863	310	506	197	228	81	377	171	1751
6.23	927	371	536	216	256	73	455	189	1957
6.24	1179	356	601	278	238	94	465	202	2195
6.25	1263	424	648	266	238	96	516	210	2304
6.26	1528	455	721	343	294	92	615	295	2673
6.27	1773	506	759	386	303	129	653	356	2931
6.28	2207	518	828	447	341	143	783	470	3529
6.29	2544	605	937	503	386	161	820	513	3829
6.3	2968	661	986	607	415	226	928	601	4366
6.31	3627	811	1227	714	442	218	1098	732	4884
6.32	4188	853	1372	847	522	263	1305	851	5612
6.33	4884	958	1334	948	528	322	1524	1035	6411
6.34	5604	1138	1528	1082	472	330	1643	1123	7325
6.35	6163	1192	1664	1248	561	363	1770	1271	7986
6.36	6849	1308	1846	1345	672	439	2024	1366	9022
6.37	7407	1357	1943	1363	668	481	2180	1449	9371
6.38	7982	1540	2044	1629	734	482	2332	1662	10241
6.39	8412	1552	2281	1665	754	537	2400	1782	10864
6.4	8960	1626	2453	1808	866	582	2609	1760	11475
6.41	8990	1756	2441	1780	784	556	2528	1810	11482
6.42	9078	1837	2498	1811	812	624	2751	1930	11968
6.43	8811	1737	2506	1853	941	577	2575	1877	11877
6.44	8937	1804	2516	1895	954	589	2649	1830	11841
6.45	8294	1791	2714	1817	876	620	2530	1767	11485
6.46	8170	1842	2556	1763	876	624	2557	1754	11325
6.47	7348	1681	2437	1581	868	486	2334	1586	10482
6.48	7057	1643	2427	1533	857	475	2159	1463	9761
6.49	6309	1507	2277	1336	846	420	1975	1343	8876
6.5	5745	1460	2172	1241	829	497	1950	1228	8173
6.51	5007	1184	2018	1097	741	365	1654	1036	7224
6.52	4349	1136	1868	958	694	344	1643	991	6419
6.53	3653	1041	1688	828	610	329	1304	811	5958
6.54	3153	876	1591	773	575	274	1192	725	4782
6.55	2653	739	1275	587	492	278	1091	622	4077
6.56	2211	666	1172	520	470	182	919	519	3543
6.57	1782	562	935	395	387	165	811	430	2774
6.58	1448	450	769	326	436	134	642	376	2461
6.59	1096	391	654	285	402	145	601	347	2059
6.6	868	335	636	222	298	103	520	247	1710
6.61	719	275	490	156	288	87	427	195	1289
6.62	581	218	425	122	232	74	388	174	1097
6.63	448	228	346	100	210	52	306	149	921
6.64	341	145	350	119	168	41	267	125	750
6.65	262	139	273	80	195	43	225	84	641
6.66	203	125	259	56	183	32	218	79	582
6.67	152	134	210	38	142	29	150	52	447
6.68	141	127	182	45	155	33	171	65	451
6.69	129	119	174	39	157	21	199	35	447
6.7	120	117	200	21	148	28	158	25	376
6.71	76	97	176	22	138	18	171	33	327
6.72	79	94	168	24	133	26	141	27	363
6.73	70	99	180	25	122	19	166	39	315
6.74	98	129	188	20	118	22	149	31	314
6.75	89	130	154	37	114	21	138	28	346
6.76	98	153	194	25	138	28	164	23	327
6.77	108	139	178	28	129	17	149	30	332
6.78	122	109	178	37	174	32	145	20	336
6.79	96	114	241	34	187	19	150	26	383
6.8	95	145	190	56	140	18	160	25	399
6.81	105	165	225	39	157	26	159	22	419
6.82	122	168	295	42	185	23	169	38	408
6.83	152	147	277	56	228	43	158	31	451
6.84	133	209	245	56	228	41	162	27	419
6.85	145	163	308	48	204	34	171	27	446
6.86	172	213	330	59	210	58	155	32	512
6.87	195	175	374	76	228	45	159	42	488
6.88	219	224	340	84	253	56	162	44	528
6.89	256	223	383	81	275	62	208	48	535
6.9	276	270	433	110	311	63	200	55	605
6.91	299	282	510	132	350	56	195	63	614
6.92	358	282	486	128	350	56	222	78	694
6.93	473	277	506	132	399	76	253	83	783
6.94	487	318	577	157	372	85	223	102	819
6.95	577	363	577	177	436	103	255	126	922
6.96	654	368	636	195	459	110	308	134	1054
6.97	752	426	702	208	530	107	313	142	1137
6.98	773	450	684	252	530	128	321	148	1252
6.99	870	491	694	280	472	128	335	181	1406
7	1039	501	848	263	533	138	428	224	1511
7.01	1133	478	783	320	550	131	369	243	1588
7.02	1178	524	836	322	531	128	424	223	1765
7.03	1325	597	907	348	595	149	432	242	1865
7.04	1367	544	842	360	573	179	514	250	1923
7.05	1427	589	947	361	535	151	467	290	2018
7.06	1508	585	986	381	676	168	485	268	2093
7.07	1446	553	1063	385	670	171	434	256	2063
7.08	1509	637	1024	430	640	161	504	290	2125
7.09	1458	628	1026	344	590	176	470	268	2003
7.1	1432	529	1006	407	535	183	520	264	2032
7.11	1362	615	943	363	646	162	492	239	1996
7.12	1364	597	1071	423	631	185	461	234	1999
7.13	1238	602	1046	334	681	156	432	195	1793
7.14	1147	620	941	336	638	167	408	217	1717
7.15	995	510	1050	292	717	139	406	174	1627
7.16	872	557	1004	329	666	162	315	158	1528
7.17	773	449	872	263	580	129	326	157	1301
7.18	694	495	909	257	606	147	301	138	1184
7.19	673	475	893	212	608	96	248	97	1027
7.2	522	483	891	214	608	99	242	73	970
7.21	420	462	822	183	599	118	206	65	819
7.22	361	467	767	162	526	95	236	59	676
7.23	288	353	767	173	539	77	213	51	649
7.24	238	424	749	160	561	98	167	38	568
7.25	185	399	781	155	567	102	154	39	436
7.26	148	396	739	146	561	106	180	30	416
7.27	113	356	704	156	524	107	168	26	378
7.28	98	407	767	121	552	81	131	16	318
7.29	90	345	721	98	588	81	150	17	287
7.3	68	356	684	125	565	105	164	16	287
7.31	51	345	723	112	475	89	124	17	238
7.32	39	369	680	103	573	94	149	22	234
7.33	35	290	664	83	530	95	150	16	237
7.34	42	325	672	117	522	69	127	15	214
7.35	18	350	704	110	503	84	149	15	202
7.36	25	366	581	115	513	98	113	18	219
7.37	18	333	542	94	517	67	116	18	227
7.38	26	350	617	104	517	76	149	20	213
7.39	29	313	534	105	457	66	145	14	224
7.4	35	277	559	97	447	88	116	15	214
7.41	29	310	613	79	423	54	139	17	210
7.42	22	323	498	67	415	87	160	16	217
7.43	20	285	520	87	427	58	143	25	256
7.44	21	264	569	67	444	65	136	21	210
7.45	30	249	490	70	432	47	148	12	210
7.46	31	241	453	52	382	56	157	20	231
7.47	20	214	372	51	365	48	155	22	220
7.48	27	224	439	77	369	51	153	20	237
7.49	40	237	387	42	309	54	131	18	240
7.5	20	221	366	38	359	50	135	21	216
7.51	36	181	366	41	320	48	154	22	233
7.52	30	205	399	58	275	30	144	23	238
7.53	35	203	326	37	268	30	158	16	209
7.54	27	165	393	31	277	50	174	10	199
7.55	26	200	346	42	271	33	134	16	177
7.56	22	208	372	39	277	30	135	20	221
7.57	26	160	283	42	249	30	131	18	184
7.58	22	180	304	32	245	36	141	11	231
7.59	25	188	295	44	226	37	125	17	203
7.6	27	172	320	45	213	21	157	15	203
7.61	20	173	275	42	226	25	134	11	198
7.62	29	148	302	35	253	30	138	20	224
7.63	26	153	249	42	228	28	135	20	195
7.64	22	172	267	38	213	39	132	14	210
7.65	17	163	247	34	219	33	144	9	198
7.66	25	165	249	39	202	29	138	7	226
7.67	22	168	285	41	210	37	118	16	214
7.68	23	160	223	34	223	29	159	12	242
7.69	25	158	275	32	204	28	135	9	234
7.7	16	137	225	30	223	29	145	25	216
7.71	16	143	241	25	195	23	152	18	199
7.72	25	119	255	18	187	37	136	21	224
7.73	23	155	229	25	182	22	110	17	205
7.74	22	120	231	31	183	21	140	17	210
7.75	20	145	267	24	172	28	143	14	219
7.76	14	115	180	31	180	22	182	16	216
7.77	20	129	227	31	180	21	178	20	231
7.78	26	142	200	21	168	18	168	17	230
7.79	22	117	174	30	168	14	143	12	205
7.8	16	127	206	35	185	22	155	11	241
7.81	27	102	202	24	157	30	172	17	248
7.82	31	135	138	27	148	17	166	17	209
7.83	23	132	156	14	161	14	174	21	255
7.84	27	115	198	20	135	15	174	18	294
7.85	20	104	150	21	146	17	138	23	242
7.86	30	102	182	18	129	14	195	17	272
7.87	22	99	198	15	135	11	171	11	214
7.88	18	111	172	17	146	17	210	18	269
7.89	29	101	152	18	122	21	188	26	261
7.9	22	104	170	20	118	11	216	33	258
7.91	33	106	152	17	135	15	224	37	248
7.92	39	127	180	11	138	21	187	36	266
7.93	47	104	188	24	157	18	222	27	280
7.94	40	137	123	20	138	12	201	32	285
7.95	34	132	190	15	122	18	176	44	254
7.96	43	107	156	24	133	18	241	48	283
7.97	56	122	150	20	107	26	222	39	306
7.98	36	125	202	17	127	12	229	47	304
7.99	47	143	138	28	101	18	215	54	283
8	55	140	196	27	140	19	233	68	317
8.01	48	147	125	13	109	17	214	51	287
8.02	44	160	164	18	124	22	264	63	315
8.03	66	132	176	22	138	14	222	48	317
8.04	70	162	188	24	137	23	229	43	338
8.05	62	134	166	15	144	22	216	47	349
8.06	57	155	160	27	124	12	250	62	321
8.07	69	148	178	22	152	18	196	57	335
8.08	68	124	172	24	129	23	245	48	350
8.09	47	147	160	30	150	19	201	63	293
8.1	57	152	158	28	157	26	242	35	320
8.11	53	143	184	21	146	21	220	43	271
8.12	56	107	196	11	131	12	210	39	287
8.13	49	142	158	20	127	26	200	39	294
8.14	49	139	134	18	114	19	180	35	307
8.15	35	102	188	24	148	11	196	46	252
8.16	46	119	128	20	114	15	208	51	266
8.17	44	106	119	17	110	18	169	37	245
8.18	53	106	107	18	107	17	167	47	219
8.19	38	114	130	20	71	10	181	39	193
8.2	36	91	107	18	103	26	158	39	221
8.21	38	96	105	8	105	15	145	33	216
8.22	31	91	128	17	82	22	146	27	233
8.23	31	81	130	17	97	17	155	32	221
8.24	43	97	119	21	95	25	138	20	206
8.25	36	81	142	17	109	18	139	31	214
8.26	38	82	150	11	99	28	148	28	207
8.27	47	64	109	17	101	12	148	21	198
8.28	38	86	109	22	73	15	135	25	199
8.29	35	84	113	28	73	18	150	26	217
8.3	39	48	117	13	84	23	154	30	193
8.31	35	91	91	14	92	7	116	27	209
8.32	49	87	115	21	112	18	135	25	189
8.33	31	79	81	14	77	14	153	26	177
8.34	42	82	121	22	97	17	158	48	172
8.35	33	64	87	15	99	12	143	35	202
8.36	35	68	134	24	66	19	134	30	177
8.37	40	109	99	28	107	21	149	23	181
8.38	35	66	115	31	107	11	145	30	186
8.39	43	69	101	27	110	23	153	36	189
8.4	48	64	107	15	101	18	143	35	198
8.41	49	61	123	21	99	21	141	27	179
8.42	38	73	109	21	84	29	143	27	200
8.43	44	74	107	28	79	25	136	30	178
8.44	48	92	89	21	84	22	171	35	192
8.45	51	64	93	30	97	19	136	46	171
8.46	62	56	87	21	92	22	162	31	195
8.47	59	76	103	14	69	28	131	35	209
8.48	43	63	91	15	101	17	121	37	184
8.49	56	73	77	34	86	14	144	31	195
8.5	69	63	121	20	79	23	132	31	181
8.51	51	94	115	24	86	15	140	41	191
8.52	66	76	91	21	95	22	169	49	174
8.53	70	94	87	21	112	11	136	49	181
8.54	89	78	75	30	84	21	176	70	178
8.55	96	96	97	22	80	17	172	70	170
8.56	89	76	87	25	80	22	150	62	203
8.57	98	79	113	25	80	23	174	73	216
8.58	89	79	103	28	99	26	152	67	198
8.59	126	78	89	27	80	23	169	94	220
8.6	90	86	95	32	109	36	187	96	212
8.61	126	76	95	24	86	14	177	92	191
8.62	141	87	101	22	82	32	153	94	234
8.63	125	71	83	22	86	17	187	95	217
8.64	129	64	105	31	84	19	168	99	220
8.65	125	66	77	18	75	19	152	81	227
8.66	124	78	121	25	107	30	169	105	203
8.67	104	74	113	34	90	25	149	105	249
8.68	133	78	83	32	97	17	195	65	255
8.69	121	82	101	30	94	34	208	92	221
8.7	154	76	117	17	75	26	167	86	220
8.71	120	94	81	17	75	26	131	88	231
8.72	121	92	91	30	77	28	169	78	247
8.73	104	76	89	31	116	29	154	75	198
8.74	86	86	109	44	101	21	162	70	205
8.75	105	76	85	30	90	26	173	67	224
8.76	74	87	123	27	97	41	168	60	206
8.77	82	76	101	38	80	40	173	60	206
8.78	70	101	99	30	92	15	150	63	195
8.79	61	81	132	44	79	28	153	54	226
8.8	76	76	121	22	84	15	159	49	186
8.81	89	82	128	41	80	22	160	60	227
8.82	68	94	101	22	99	33	154	68	182
8.83	66	96	91	31	90	32	176	44	205
8.84	74	94	105	38	90	37	172	68	223
8.85	69	81	115	37	97	28	168	62	199
8.86	65	84	128	25	92	29	177	60	191
8.87	70	82	91	37	101	37	152	59	181
8.88	60	109	117	48	95	32	166	65	200
8.89	70	114	132	37	112	28	171	62	231
8.9	74	89	109	39	71	25	166	46	192
8.91	76	111	132	48	88	37	148	51	196
8.92	68	99	93	41	122	30	174	73	206
8.93	61	104	99	25	97	22	200	60	231
8.94	74	68	115	34	79	39	188	72	210
8.95	65	96	125	46	94	25	149	76	203
8.96	72	109	132	41	140	32	146	55	198
8.97	52	101	97	34	86	25	168	53	188
8.98	68	125	99	31	109	36	186	67	195
8.99	87	86	107	30	82	29	163	47	191
9	55	87	115	28	88	40	171	65	182
9.01	68	114	81	31	99	29	145	70	231
9.02	81	96	115	46	135	40	164	75	226
9.03	83	119	123	44	112	18	149	46	200
9.04	81	129	113	39	99	40	157	67	206
9.05	69	87	134	27	120	34	153	60	198
9.06	66	115	109	34	88	43	166	74	177
9.07	78	111	123	39	107	25	167	60	199
9.08	74	101	95	39	107	34	155	68	175
9.09	78	96	87	41	124	30	166	59	182
9.1	72	87	101	42	101	43	155	70	210
9.11	81	81	111	42	112	43	138	73	185
9.12	72	112	130	48	109	47	152	70	228
9.13	76	92	105	44	101	40	166	55	178
9.14	91	87	132	34	120	47	171	74	214
9.15	74	86	123	42	109	41	149	69	189
9.16	86	109	123	60	103	39	148	69	175
9.17	109	109	142	39	138	30	166	94	193
9.18	78	96	115	46	109	48	148	81	198
9.19	103	99	154	45	109	43	144	78	195
9.2	103	84	113	56	122	40	153	74	185
9.21	74	106	89	52	97	33	143	80	198
9.22	90	101	123	45	120	34	164	95	223
9.23	92	97	140	59	110	36	130	92	205
9.24	98	101	134	39	124	56	150	83	186
9.25	79	111	117	60	150	39	169	69	188
9.26	113	92	113	53	101	54	167	105	255
9.27	107	104	130	46	155	58	157	91	226
9.28	109	92	119	60	125	44	172	86	205
9.29	76	102	142	62	118	52	171	84	210
9.3	95	127	119	70	118	41	138	76	226
9.31	104	120	109	46	129	65	164	89	200
9.32	105	114	148	76	107	50	162	76	188
9.33	112	97	138	52	146	54	166	74	198
9.34	99	117	164	42	112	62	155	76	199
9.35	99	87	119	42	127	54	144	58	193
9.36	104	119	138	69	124	55	169	70	188
9.37	105	107	142	51	146	56	185	85	214
9.38	95	111	117	74	144	56	174	75	223
9.39	94	109	134	67	125	54	164	89	219
9.4	105	124	170	63	124	56	169	75	198
9.41	99	97	142	59	120	44	160	88	193
9.42	104	102	136	63	114	61	181	79	207
9.43	103	117	134	56	131	41	144	75	199
9.44	128	91	130	48	118	56	154	89	212
9.45	100	119	144	70	142	52	153	89	181
9.46	86	119	148	56	144	59	140	96	185
9.47	117	97	148	63	107	63	157	73	219
9.48	103	112	160	93	103	52	164	95	177
9.49	102	107	140	63	142	74	160	85	185
9.5	107	125	140	59	140	52	144	101	196
9.51	103	106	154	69	125	56	159	118	241
9.52	126	101	136	62	142	61	158	79	195
9.53	95	115	125	66	116	61	158	101	185
9.54	113	86	150	65	150	67	157	91	228
9.55	122	111	150	63	159	62	162	99	226
9.56	96	129	180	77	129	65	145	88	182
9.57	135	125	178	62	105	69	171	91	172
9.58	125	89	154	65	122	76	162	110	172
9.59	121	104	154	74	124	70	158	95	207
9.6	117	104	172	70	109	70	150	100	206
9.61	125	101	184	77	125	62	158	102	216
9.62	112	112	144	69	114	69	158	102	199
9.63	116	94	160	84	105	56	180	106	217
9.64	137	142	160	74	129	62	149	96	219
9.65	121	127	136	65	138	59	158	97	228
9.66	121	130	142	87	140	62	187	96	192
9.67	125	99	123	74	150	67	154	85	171
9.68	99	122	154	65	120	70	168	75	185
9.69	134	180	156	90	135	69	149	97	188
9.7	94	104	200	84	122	69	172	101	202
9.71	122	73	160	76	125	80	155	107	184
9.72	118	91	140	76	118	70	149	109	210
9.73	116	114	134	80	133	69	171	92	184
9.74	133	97	174	91	97	59	160	116	206
9.75	146	111	152	81	125	62	169	102	184
9.76	130	81	160	87	110	70	166	95	186
9.77	124	99	148	77	146	69	163	88	217
9.78	128	120	170	77	133	72	146	115	214
9.79	129	127	136	79	122	52	140	106	192
9.8	107	115	180	73	107	63	154	106	185
9.81	111	78	160	63	95	61	158	79	213
9.82	129	114	160	89	125	72	145	100	191
9.83	126	112	178	83	86	65	186	115	221
9.84	141	119	142	89	107	81	162	129	192
9.85	138	92	138	87	144	81	160	129	178
9.86	126	109	136	81	112	70	150	118	191
9.87	126	96	152	90	97	56	148	126	220
9.88	161	74	132	80	133	74	160	120	202
9.89	142	89	192	76	94	77	169	111	212
9.9	129	102	128	66	99	67	131	107	196
9.91	124	107	150	111	114	55	163	112	165
9.92	125	102	132	87	105	78	150	107	217
9.93	137	91	180	103	107	55	158	95	227
9.94	142	101	138	89	125	72	162	107	189
9.95	125	89	176	103	103	72	131	107	192
9.96	146	114	146	76	99	66	152	104	161
9.97	0	0	0	0	0	0	0	0	0
9.98	0	0	0	0	0	0	0	0	0
9.99	0	0	0	0	0	0	0	0	0
10	0	0	0	0	0	0	0	0	0
