DWTR-WY-filter.str	DWTR-MN.str	DWTR-NC.str	DWTR-NC-filter-Ti.str	DWTR-TN.str	DWTR-TN-filter.str	DWTR-UT.str	DWTR-UT-filter.str	DWTR-WY.str	
0	0	0	0	0	0	0	0	0	
0	0	0	0	0	0	0	0	0	
0	0	0	0	0	0	0	0	0	
0	0	0	0	0	0	0	0	0	
0	0	0	0	0	0	0	0	0	
0	0	0	0	0	0	0	0	0	
0	0	0	0	0	0	0	0	0	
0	0	0	0	0	0	0	0	0	
0	0	0	0	0	0	0	0	0	
0	0	0	0	0	0	0	0	0	
0	0	0	0	0	0	0	0	0	
0	0	0	0	0	0	0	0	0	
0	0	0	0	0	0	0	0	0	
0	0	0	0	0	0	0	0	0	
0	0	0	0	0	0	0	0	0	
0	0	0	0	0	0	0	0	0	
0	0	0	0	0	0	0	0	0	
0	0	0	0	0	0	0	0	0	
0	0	0	0	0	0	0	0	0	
0	0	0	0	0	0	0	0	0	
0	0	0	0	0	0	0	0	0	
0	0	0	0	0	0	0	0	0	
0	0	0	0	0	0	0	0	0	
0	0	0	0	0	0	0	0	0	
0	0	0	0	0	0	0	0	0	
0	0	0	0	0	0	0	0	0	
0	0	0	0	0	0	0	0	0	
0	0	0	0	0	0	0	0	0	
0	0	0	0	0	0	0	0	0	
0	0	0	0	0	0	0	0	0	
0	0	0	0	0	0	0	0	0	
0	0	0	0	0	0	0	0	0	
0	0	0	0	0	0	0	0	0	
0	0	0	0	0	0	0	0	0	
0	0	0	0	0	0	0	0	0	
0	0	0	0	0	0	0	0	0	
0	0	0	0	0	0	0	0	0	
0	0	0	0	0	0	0	0	0	
0	0	0	0	0	0	0	0	0	
0	0	0	0	0	0	0	0	0	
0	0	0	0	0	0	0	0	0	
0	0	0	0	0	0	0	0	0	
0	0	0	0	0	0	0	0	0	
0	0	0	0	0	0	0	0	0	
0	0	0	0	0	0	0	0	0	
0	0	0	0	0	0	0	0	0	
0	0	0	0	0	0	0	0	0	
0	0	0	0	0	0	0	0	0	
0	0	0	0	0	0	0	0	0	
0	0	0	0	0	0	0	0	0	
0	0	0	0	0	0	0	0	0	
0	0	0	0	0	0	0	0	0	
0	0	0	0	0	0	0	0	0	
0	0	0	0	0	0	0	0	0	
0	0	0	0	0	0	0	0	0	
0	0	0	0	0	0	0	0	0	
0	0	0	0	0	0	0	0	0	
0	0	0	0	0	0	0	0	0	
0	0	0	0	0	0	0	0	0	
0	0	0	0	0	0	0	0	0	
1	0	0	0	0	0	3	1	0	
0	0	2	1	0	0	0	0	0	
0	0	4	0	4	0	0	0	1	
0	0	0	0	0	0	1	0	0	
0	0	0	0	2	0	0	0	3	
0	0	4	0	0	0	0	0	6	
1	3	4	0	2	0	0	0	0	
0	0	6	1	0	0	1	0	4	
0	2	2	1	0	1	0	0	0	
0	0	2	0	0	0	3	1	0	
1	0	4	0	2	0	1	0	4	
0	2	0	0	0	1	3	0	1	
0	0	0	0	0	3	3	0	0	
0	0	10	1	4	0	3	0	3	
0	0	0	1	2	1	1	0	0	
1	2	2	0	4	0	1	0	3	
0	0	2	0	4	0	0	0	3	
0	2	4	0	2	0	1	0	1	
0	2	2	0	0	0	1	0	4	
1	3	6	0	0	0	0	0	1	
0	0	6	3	4	0	0	0	1	
3	0	2	1	4	0	0	0	0	
0	2	0	0	4	0	4	0	4	
0	0	8	0	6	1	4	0	3	
0	0	8	1	4	0	0	0	4	
1	0	2	0	7	0	1	0	4	
0	2	4	0	4	0	1	0	3	
0	0	6	1	4	1	5	1	10	
0	3	2	0	2	3	4	0	0	
0	7	4	0	2	0	6	0	10	
0	5	4	0	0	1	1	1	6	
0	5	2	3	6	1	0	1	4	
0	2	2	0	7	0	3	0	6	
0	10	12	0	6	1	6	1	7	
0	10	12	1	9	0	1	1	4	
1	8	14	1	2	1	5	0	14	
0	3	12	1	11	4	9	0	8	
1	5	10	3	9	0	6	1	10	
1	7	12	6	7	0	9	1	14	
1	8	24	3	9	0	10	0	15	
1	12	18	4	17	11	9	1	7	
0	15	30	1	13	4	11	1	8	
0	12	18	3	11	1	10	2	13	
4	8	40	7	17	1	10	1	20	
0	20	12	1	9	1	15	1	10	
0	16	18	8	32	7	6	2	27	
3	10	40	6	15	6	19	4	11	
0	21	28	1	24	10	15	4	29	
0	16	40	3	28	6	20	1	27	
1	26	30	4	22	7	33	4	32	
0	33	43	7	19	8	29	4	35	
3	33	43	6	37	7	36	1	27	
1	40	49	11	54	7	29	5	45	
1	46	61	14	36	6	27	0	41	
4	41	59	6	47	12	29	0	49	
4	35	67	8	43	12	33	5	64	
5	38	67	4	36	8	46	11	62	
8	46	63	11	41	12	41	1	57	
7	81	53	17	56	12	38	6	83	
1	73	93	8	34	11	50	7	55	
3	63	81	10	47	10	48	7	90	
3	91	97	18	43	11	75	5	95	
4	81	128	20	66	15	59	6	116	
5	86	119	10	67	10	85	4	112	
5	106	115	7	49	17	71	4	116	
3	96	125	8	60	15	84	6	129	
3	107	107	22	79	21	102	5	157	
8	129	123	8	79	17	118	7	171	
7	107	134	17	73	14	104	7	174	
5	132	164	18	73	19	120	6	195	
8	132	152	20	75	11	110	5	177	
8	127	170	20	95	14	138	16	224	
10	87	142	15	58	12	150	7	221	
7	106	160	30	103	14	153	12	293	
9	114	202	21	75	18	187	15	266	
17	107	180	31	90	21	174	7	328	
12	104	178	27	142	22	208	12	349	
18	114	227	24	137	28	239	17	425	
13	124	188	22	99	32	280	18	503	
29	104	227	30	150	26	414	25	604	
22	99	225	38	142	32	475	28	664	
27	147	287	44	165	45	585	43	746	
48	132	312	42	189	47	658	30	911	
38	139	306	49	206	41	805	37	1081	
57	163	344	52	200	59	932	65	1193	
72	185	348	77	236	61	1061	62	1364	
64	176	421	74	234	39	1226	57	1574	
68	221	429	79	256	59	1335	63	1923	
82	175	437	70	309	69	1377	54	1878	
78	233	466	79	331	74	1493	65	2038	
85	208	490	91	307	80	1458	53	2104	
74	239	561	70	380	66	1470	60	2114	
85	219	536	79	352	74	1335	55	2146	
77	257	524	93	354	73	1280	62	2139	
72	262	553	79	367	73	1165	55	1945	
72	259	575	96	425	96	1079	32	1927	
69	241	591	73	341	77	1070	35	1917	
56	231	532	86	342	80	843	39	1760	
53	234	627	83	382	78	801	33	1713	
61	237	571	94	384	65	694	31	1651	
47	223	553	80	339	59	669	38	1630	
55	233	601	98	455	87	646	31	1539	
64	252	601	80	399	80	623	28	1616	
56	269	654	87	434	59	616	30	1815	
79	287	716	80	402	99	614	49	1969	
76	282	690	93	531	114	750	31	2317	
121	269	733	104	545	106	790	44	2528	
138	282	727	119	535	112	991	54	2907	
145	297	921	91	576	101	1102	43	3427	
187	356	937	122	662	80	1251	43	4105	
182	371	980	97	646	123	1429	60	4348	
232	386	1135	114	758	128	1750	83	5112	
280	368	1170	124	805	121	1771	83	5305	
253	440	1239	122	853	96	1813	74	5888	
302	470	1348	129	1024	98	2105	75	6271	
256	543	1394	178	1065	116	1990	91	6290	
284	454	1342	148	1016	117	1934	65	6369	
273	501	1516	146	1046	143	1984	90	6643	
255	511	1552	126	1162	107	1929	60	6328	
236	498	1544	169	1072	121	1796	57	6107	
215	521	1467	162	1069	150	1577	52	5421	
190	503	1496	164	1072	116	1482	59	5145	
182	518	1356	135	1027	131	1313	47	4606	
142	501	1388	167	923	156	1187	47	4072	
130	437	1269	176	953	157	1005	51	3463	
116	488	1352	187	928	171	839	44	2987	
79	478	1097	191	827	175	727	44	2423	
77	470	1075	194	872	178	620	47	2079	
59	442	1069	208	780	189	569	32	1711	
61	491	969	209	792	220	502	38	1449	
48	548	893	216	808	226	447	47	1144	
42	590	994	257	784	264	402	46	957	
46	584	982	281	769	235	365	38	805	
38	648	951	329	837	263	364	57	713	
30	632	864	318	838	286	369	38	569	
36	711	915	330	915	289	376	43	528	
31	676	939	333	881	336	344	25	449	
35	727	1014	322	846	350	400	51	426	
30	745	998	312	885	319	457	64	415	
31	792	1063	327	887	317	433	44	409	
25	708	982	267	984	322	447	37	443	
29	712	1087	298	891	264	439	31	468	
18	643	923	256	868	230	498	44	458	
30	732	1069	218	895	202	464	36	423	
33	688	943	194	857	187	489	46	461	
26	651	965	197	840	180	508	23	425	
22	676	850	157	771	172	464	16	492	
21	628	826	150	773	145	465	16	437	
10	571	862	148	758	127	485	20	436	
23	582	783	126	717	117	498	33	446	
21	551	797	103	659	102	475	18	432	
21	526	702	108	704	107	485	25	493	
18	452	678	83	646	98	443	21	406	
16	510	716	101	604	94	466	12	439	
8	491	741	103	619	96	456	15	420	
20	491	694	101	606	67	471	22	465	
27	473	678	89	552	77	476	25	384	
13	488	609	86	567	102	523	17	429	
17	452	725	90	526	67	484	17	450	
16	495	694	100	515	88	526	23	434	
17	460	698	97	571	74	583	32	404	
20	440	678	91	539	91	600	28	444	
20	454	727	118	483	91	688	35	470	
25	447	755	115	561	95	754	37	479	
17	434	765	115	511	88	802	49	441	
25	482	759	111	591	109	912	60	491	
31	447	757	125	539	89	1044	63	482	
26	508	828	145	558	92	1124	64	482	
31	435	872	136	554	99	1266	65	558	
36	505	945	141	584	92	1327	60	538	
46	467	949	121	636	109	1370	62	562	
20	561	1012	114	560	116	1400	86	622	
29	557	986	101	524	118	1386	48	594	
36	546	1034	115	612	78	1450	70	621	
23	628	1075	117	588	88	1305	76	601	
31	577	1073	110	565	87	1268	60	597	
34	607	980	117	612	76	1184	57	537	
33	589	1063	93	560	105	1158	46	510	
25	569	1002	100	584	101	1021	62	495	
29	620	1089	112	582	76	967	52	503	
26	571	1022	77	586	51	908	48	430	
14	553	974	98	608	76	709	44	457	
26	524	856	76	560	70	720	42	388	
25	516	931	87	629	66	587	47	392	
22	541	808	94	554	54	600	31	322	
18	495	793	98	526	61	551	23	338	
12	480	751	101	487	84	548	30	328	
7	404	745	63	561	87	508	32	280	
16	452	678	67	522	95	500	27	324	
22	485	654	70	503	77	518	37	325	
7	394	627	70	590	73	511	32	304	
20	440	569	83	528	56	534	41	290	
21	396	601	100	511	67	554	51	290	
22	414	609	79	481	74	627	51	342	
14	404	573	80	464	62	665	49	290	
21	419	544	86	436	72	732	76	364	
22	363	559	69	473	65	776	74	331	
12	426	615	101	509	73	944	84	364	
22	447	599	80	507	62	1047	91	420	
13	495	581	87	545	73	1145	92	472	
10	501	648	89	554	67	1312	110	427	
9	505	668	63	548	78	1350	106	517	
14	587	676	84	545	63	1467	102	582	
26	633	757	76	560	78	1591	137	629	
10	645	806	76	610	81	1680	110	805	
25	747	864	84	657	81	1714	120	819	
17	744	935	80	810	89	1773	99	854	
20	835	931	74	812	80	1853	97	950	
16	930	1024	83	852	70	1759	94	961	
17	973	1212	97	900	88	1825	70	1088	
16	965	1131	62	874	77	1794	78	1132	
26	1057	1220	72	1009	70	1643	69	1158	
26	986	1263	65	953	74	1461	52	1158	
12	1072	1200	97	1005	72	1510	47	1187	
14	1075	1172	91	1027	88	1304	57	1194	
21	1098	1293	83	994	87	1289	46	1179	
17	1074	1227	89	1059	76	1256	31	1099	
9	1031	1247	74	990	80	1245	38	1064	
13	1057	1212	93	943	77	1096	26	987	
8	993	1160	100	917	67	1090	35	1046	
13	933	1158	90	818	73	1047	39	973	
21	1014	1113	90	904	67	1002	26	889	
21	957	1099	76	846	67	917	30	908	
16	924	1067	84	829	80	912	30	910	
18	848	1081	76	808	87	852	23	851	
14	957	1010	76	797	78	797	32	837	
14	940	1030	77	859	94	772	25	814	
10	912	1012	100	810	96	726	18	810	
13	846	961	100	749	77	712	18	701	
18	839	963	94	769	88	630	17	685	
18	803	866	89	734	92	613	26	646	
13	835	967	87	752	83	557	26	598	
23	774	911	90	692	99	521	18	590	
17	760	856	97	648	94	525	15	521	
30	691	806	111	657	84	446	18	534	
21	635	874	79	681	102	428	31	510	
22	632	828	97	644	88	358	18	434	
22	609	779	104	666	91	399	17	426	
33	564	704	103	565	95	295	16	450	
26	571	672	97	608	87	295	21	418	
29	482	640	94	606	87	297	27	363	
29	470	670	111	573	103	287	11	381	
31	485	587	100	494	84	253	26	327	
33	498	609	93	530	94	245	23	352	
31	389	563	104	539	94	250	20	317	
38	480	583	115	533	121	237	20	314	
34	401	583	110	524	110	191	21	318	
33	346	609	111	522	103	211	25	367	
35	373	516	107	466	89	173	17	307	
48	404	557	108	502	106	204	21	328	
43	381	520	121	490	125	187	23	275	
49	356	540	117	473	134	220	28	322	
36	414	516	115	434	103	181	22	332	
53	419	526	117	488	139	205	27	353	
44	384	494	142	464	140	168	33	292	
56	374	492	132	470	153	180	36	338	
59	421	536	143	481	118	172	39	336	
72	417	609	138	479	128	172	31	336	
96	401	490	135	511	150	219	35	404	
113	460	526	163	503	160	199	43	416	
131	389	548	142	535	157	210	38	488	
152	422	617	139	603	194	215	68	493	
171	434	569	160	543	196	243	68	548	
213	462	640	169	625	207	303	63	681	
254	491	629	173	623	256	270	91	678	
305	462	686	188	717	218	330	85	859	
289	521	631	191	726	278	339	118	922	
355	584	729	221	801	251	388	122	1041	
448	561	793	273	790	256	372	141	1051	
441	590	818	249	911	343	413	138	1231	
512	609	876	289	924	359	451	132	1312	
575	691	998	309	1039	401	495	169	1317	
516	759	976	327	1099	439	497	150	1409	
556	754	1097	395	1241	467	536	178	1358	
492	816	1293	454	1308	548	548	147	1393	
542	950	1457	475	1443	560	508	196	1348	
457	948	1542	533	1469	536	513	159	1270	
514	1154	1662	538	1755	611	511	143	1333	
427	1225	1979	680	1881	671	489	152	1240	
436	1470	2097	752	2079	771	512	150	1169	
341	1601	2200	759	2186	723	436	148	997	
349	1707	2649	929	2380	867	486	168	984	
225	2001	2787	1005	2637	931	441	126	884	
290	2025	3279	1090	2931	987	486	144	789	
230	2436	3410	1165	3266	1107	446	133	673	
203	2510	3961	1296	3584	1209	536	139	664	
174	2759	4192	1371	3820	1323	481	126	605	
150	3059	4734	1527	4226	1476	536	169	577	
131	3181	5206	1717	4463	1582	507	159	570	
148	3653	5795	1877	4997	1725	563	200	537	
156	3840	6080	2016	5408	1845	616	180	614	
155	4503	7076	2266	6181	2102	637	203	552	
177	4867	7134	2443	6657	2302	745	253	505	
210	5504	8418	2954	7450	2697	826	270	561	
213	5787	9195	3219	8210	3014	903	318	582	
221	6853	10324	3719	9078	3540	1052	393	697	
238	7478	11332	4291	9934	4012	1248	491	751	
281	8771	13044	5313	11741	4887	1442	578	797	
340	9620	14279	6115	12505	5607	1709	654	861	
424	11202	16386	7097	14869	6767	2148	879	1018	
460	13133	18284	8536	16976	8143	2330	1049	1109	
574	15259	21618	10091	19238	9631	2872	1222	1254	
608	17538	23022	11429	21398	10932	3297	1413	1425	
752	19932	26688	13652	24988	13090	3924	1713	1643	
795	22653	28752	15466	27643	14492	4455	1874	1755	
903	25732	33140	17872	31087	16948	4975	2201	1916	
980	27805	35892	19091	33862	18395	5272	2402	2167	
1062	31191	39780	21164	38131	20846	5855	2554	2282	
1105	32410	42237	22479	39400	21025	6045	2713	2373	
1130	36528	46387	24272	43565	23167	6432	2882	2478	
1164	36584	47981	24502	44982	22904	6390	2909	2565	
1099	38690	50451	25579	47587	24120	6449	2873	2748	
1169	38255	49841	24636	47273	22915	6437	2666	2463	
1071	39113	52531	24747	49064	22980	6244	2665	2439	
993	37206	50722	23127	46638	21430	5734	2391	2500	
932	36325	50570	22180	47299	20895	5557	2269	2258	
876	34556	48918	20808	44569	18551	4857	2041	2128	
793	32626	46459	18774	42171	17452	4453	1784	1889	
670	28829	42488	16368	38617	15137	3769	1583	1765	
651	26689	40226	14706	35677	13411	3395	1392	1603	
543	23189	35443	12459	31487	11264	2805	1116	1351	
409	20105	32241	10797	28661	9773	2375	964	1198	
372	16824	28268	8830	24443	8216	1938	773	985	
329	15022	24668	7368	21419	6759	1617	644	884	
224	12285	20563	5913	17829	5334	1331	512	681	
180	10458	17869	5029	15585	4472	1130	427	577	
161	8542	15119	3913	12731	3592	932	328	517	
155	7117	12633	3350	10574	3022	759	297	430	
118	5644	10340	2798	8654	2423	643	236	391	
118	4885	9164	2375	7579	2215	629	213	397	
111	4100	7642	2092	6524	2069	576	224	336	
120	3841	6651	1962	5807	1954	623	233	335	
108	3525	5958	1949	5146	1864	632	261	301	
131	3567	5631	2112	4825	1946	662	263	321	
147	3515	5343	2116	4817	2042	663	275	307	
139	3604	5489	2373	4866	2305	751	316	332	
151	4095	5578	2553	5115	2427	723	314	363	
181	4092	5871	2841	5212	2675	810	375	398	
184	4372	6086	2987	5732	2854	913	377	381	
219	4870	6671	3409	6120	3143	993	396	439	
181	4954	6800	3334	6170	3254	1025	382	467	
204	5518	7317	3790	6683	3565	1007	476	468	
237	5327	7335	3691	6866	3545	973	445	491	
220	5913	7663	3844	7145	3602	1067	496	503	
208	5413	7262	3673	7134	3317	1000	445	437	
206	5436	8199	3639	7461	3529	1042	439	516	
195	5509	7740	3391	6859	3252	965	402	485	
154	5349	7691	3268	6904	3137	997	382	453	
163	5126	7153	3183	6653	2904	846	388	392	
143	4872	7041	2820	6292	2736	784	319	420	
115	4087	6471	2488	5901	2298	658	268	406	
141	3985	5914	2288	5375	1886	624	279	314	
134	3534	5214	1966	4804	1804	583	210	322	
122	3117	4878	1769	4377	1553	481	170	297	
100	2673	4139	1439	3805	1294	397	171	248	
70	2251	3730	1203	3241	1006	371	152	268	
79	1831	3004	958	2744	862	275	132	241	
94	1519	2655	760	2440	720	243	120	230	
91	1194	2311	610	1973	584	186	97	185	
76	1098	1898	464	1594	442	229	83	184	
79	802	1522	364	1200	350	178	72	184	
79	650	1237	333	1007	288	162	51	195	
64	458	949	194	831	194	136	51	143	
68	402	856	197	631	169	144	67	158	
72	336	640	148	460	134	139	62	181	
70	241	516	98	389	116	116	78	154	
79	203	445	98	331	95	115	67	175	
73	209	389	67	309	61	129	54	196	
69	147	285	65	210	74	112	51	202	
81	139	289	52	182	48	117	68	178	
72	124	231	77	187	70	118	67	174	
72	125	227	63	163	55	104	73	220	
79	127	188	60	176	73	139	57	167	
103	78	206	69	146	65	103	75	212	
99	86	166	58	155	40	117	68	191	
120	104	186	55	129	55	158	65	226	
113	112	117	55	110	55	127	69	245	
112	139	196	84	129	59	149	76	268	
102	122	200	49	124	58	164	76	228	
145	111	192	65	109	67	167	59	311	
159	102	148	70	122	72	164	64	285	
148	106	148	70	146	47	174	78	321	
176	94	148	69	148	41	199	97	363	
197	124	121	83	116	69	192	78	398	
186	140	156	77	135	63	201	111	430	
208	97	160	63	112	73	239	102	505	
240	97	134	86	120	78	265	127	496	
268	104	150	94	124	65	248	117	521	
267	92	130	74	120	78	257	143	597	
276	102	162	67	120	70	289	143	597	
302	107	200	97	120	94	251	136	636	
309	86	168	97	155	89	256	157	671	
275	109	170	86	153	81	270	146	608	
284	145	152	89	153	92	274	146	729	
297	104	198	91	157	73	288	147	621	
312	94	150	97	129	95	267	152	673	
279	114	142	79	155	94	228	132	664	
281	125	178	114	127	96	214	133	631	
262	122	166	111	116	84	197	118	586	
266	119	156	110	120	103	216	138	548	
236	84	162	80	129	78	195	107	561	
227	86	146	94	122	102	162	101	406	
267	89	164	101	120	92	190	128	441	
232	99	182	84	129	89	176	95	395	
216	120	182	105	103	66	178	101	317	
224	91	162	94	118	87	159	94	342	
161	86	121	76	131	77	149	97	314	
225	96	130	98	122	107	149	79	280	
202	135	138	101	97	80	144	105	278	
189	87	144	94	95	58	131	105	285	
155	107	132	87	116	87	130	92	224	
187	92	119	80	122	58	126	112	283	
145	111	144	90	129	83	117	115	240	
168	86	150	80	122	73	136	110	249	
177	76	128	105	107	80	98	102	214	
165	94	142	89	125	84	146	123	230	
148	104	154	83	99	56	148	96	214	
187	87	162	90	82	52	129	99	240	
139	106	101	98	112	54	127	105	234	
168	99	97	83	88	80	158	116	252	
167	99	140	72	80	62	155	120	206	
161	82	123	91	94	77	139	109	240	
169	84	121	72	109	70	140	111	234	
202	89	148	81	94	74	150	122	273	
178	99	152	74	107	73	157	131	258	
234	96	115	84	94	84	178	123	262	
173	82	99	93	97	72	176	104	276	
180	94	111	80	94	72	164	123	279	
177	79	103	60	95	91	182	91	296	
174	101	138	100	95	69	176	133	285	
211	81	109	86	109	88	200	128	320	
208	106	125	98	94	77	174	123	289	
199	69	148	90	105	50	171	107	315	
174	71	164	98	103	59	158	92	332	
191	87	128	86	103	67	131	78	276	
174	91	132	100	94	58	157	97	329	
182	102	103	74	86	58	139	76	308	
154	96	125	65	97	63	146	72	262	
118	87	130	62	107	51	176	63	301	
133	81	119	45	125	36	160	65	296	
118	64	160	72	79	34	153	47	279	
103	104	146	30	79	43	150	53	265	
87	99	148	31	99	28	157	30	287	
102	68	123	32	107	26	159	48	251	
65	81	158	38	94	18	153	41	271	
60	79	125	37	82	34	145	26	249	
46	96	121	15	101	19	140	27	219	
55	79	138	13	90	17	135	15	242	
55	63	144	21	92	8	152	12	199	
39	86	144	8	94	17	158	17	234	
34	79	130	18	94	26	139	15	209	
34	99	132	13	120	15	115	16	213	
21	92	111	8	94	8	110	20	207	
23	87	125	11	118	7	124	11	214	
18	81	144	17	122	7	155	9	206	
18	74	136	8	116	6	127	18	205	
18	81	132	7	95	11	127	15	167	
21	76	130	14	97	11	125	9	195	
21	94	152	7	79	3	155	15	244	
21	79	125	6	129	8	132	12	202	
13	74	146	8	92	8	134	9	210	
18	69	125	10	101	12	167	15	223	
29	79	125	3	95	6	136	12	231	
18	58	130	7	105	11	132	14	217	
25	58	136	7	105	7	112	6	202	
23	69	144	7	133	4	177	6	233	
25	73	134	8	131	8	120	7	209	
22	49	134	10	110	8	120	7	217	
20	56	103	14	103	12	132	11	192	
33	61	142	18	112	11	138	10	227	
21	76	121	3	109	8	145	10	231	
31	61	123	4	82	4	120	5	221	
22	68	140	15	118	6	132	9	202	
20	73	130	8	79	10	132	12	217	
22	76	113	8	75	6	125	9	219	
26	94	113	6	99	8	148	16	230	
16	71	140	13	79	11	93	7	199	
27	76	113	4	94	7	127	6	247	
31	91	134	11	95	7	154	6	231	
23	59	128	6	97	7	166	4	262	
31	68	99	7	120	12	148	14	251	
33	63	125	8	131	8	131	10	237	
25	78	117	11	84	14	153	11	247	
22	71	146	10	94	10	157	7	228	
33	96	107	3	95	8	136	9	217	
27	74	160	6	105	11	138	4	252	
26	73	132	7	99	14	131	21	241	
25	84	142	18	110	10	130	12	237	
29	58	125	6	101	14	134	17	217	
26	82	136	7	86	6	155	20	233	
21	79	138	15	112	11	132	10	235	
22	84	117	6	116	18	135	22	206	
21	69	152	4	110	11	157	22	210	
18	73	121	6	110	14	155	15	198	
39	91	125	7	107	10	153	32	223	
23	91	107	22	103	17	171	33	206	
25	59	119	6	107	15	171	27	216	
17	81	140	17	110	10	167	25	181	
21	79	154	13	105	19	201	28	203	
18	81	125	8	114	10	157	38	219	
20	63	109	4	99	15	208	33	202	
16	79	101	11	163	19	209	35	191	
16	86	154	13	129	28	190	38	193	
16	109	136	8	150	26	232	30	227	
26	87	136	10	153	19	253	52	189	
21	71	119	13	187	25	227	53	205	
25	92	136	4	161	30	224	58	193	
23	79	123	11	185	33	270	58	175	
27	114	156	13	191	41	265	83	233	
18	74	166	17	200	40	318	112	238	
21	82	148	7	240	36	280	105	227	
18	87	144	22	189	58	373	127	285	
23	97	148	7	195	52	408	139	262	
33	91	152	13	204	45	404	153	247	
35	78	158	21	213	65	475	184	252	
43	89	148	17	236	81	532	258	244	
40	84	150	18	262	103	576	281	266	
59	74	130	21	281	131	674	317	280	
59	84	158	15	346	134	843	392	280	
68	81	138	21	348	150	1012	503	289	
52	96	182	27	363	200	1091	525	324	
89	96	166	24	374	193	1238	712	332	
94	86	170	24	483	212	1411	772	346	
107	94	182	49	498	251	1517	829	352	
120	102	186	39	593	289	1810	1011	402	
133	99	170	48	543	325	1882	1017	420	
129	96	154	48	619	375	2095	1135	456	
161	122	192	48	694	446	2227	1286	450	
155	109	231	65	764	401	2179	1259	432	
181	114	166	49	732	439	2379	1397	427	
158	109	223	49	801	438	2372	1312	441	
161	115	204	48	790	443	2423	1370	447	
156	112	186	67	829	412	2399	1340	503	
150	150	231	60	880	443	2390	1276	470	
154	137	219	59	788	377	2222	1243	485	
151	127	200	52	780	388	2194	1197	534	
174	143	219	49	694	363	1915	1042	503	
176	106	215	52	666	333	1746	892	485	
156	129	215	60	646	326	1574	777	496	
145	134	257	44	569	296	1459	745	463	
176	120	190	39	578	230	1290	634	517	
145	135	196	52	563	227	1122	555	405	
139	134	180	46	494	167	1040	464	482	
152	114	223	55	472	134	900	384	461	
165	129	229	45	382	118	683	323	486	
168	120	237	37	348	107	574	284	482	
176	160	213	52	309	94	528	211	513	
190	147	249	56	324	89	492	190	566	
210	170	257	65	258	72	408	131	577	
220	173	249	69	258	62	345	127	586	
263	168	255	59	249	63	335	113	713	
259	172	283	70	243	59	284	81	760	
296	181	295	79	176	56	276	95	776	
310	190	289	62	200	58	303	99	918	
288	198	356	79	211	44	281	95	931	
397	247	295	112	198	50	297	115	1009	
418	218	387	104	195	47	309	107	1095	
509	262	397	141	232	47	317	97	1312	
542	244	419	131	197	62	317	97	1247	
600	313	470	167	223	65	355	112	1375	
629	300	459	164	221	61	386	146	1533	
863	310	506	197	228	81	377	171	1751	
927	371	536	216	256	73	455	189	1957	
1179	356	601	278	238	94	465	202	2195	
1263	424	648	266	238	96	516	210	2304	
1528	455	721	343	294	92	615	295	2673	
1773	506	759	386	303	129	653	356	2931	
2207	518	828	447	341	143	783	470	3529	
2544	605	937	503	386	161	820	513	3829	
2968	661	986	607	415	226	928	601	4366	
3627	811	1227	714	442	218	1098	732	4884	
4188	853	1372	847	522	263	1305	851	5612	
4884	958	1334	948	528	322	1524	1035	6411	
5604	1138	1528	1082	472	330	1643	1123	7325	
6163	1192	1664	1248	561	363	1770	1271	7986	
6849	1308	1846	1345	672	439	2024	1366	9022	
7407	1357	1943	1363	668	481	2180	1449	9371	
7982	1540	2044	1629	734	482	2332	1662	10241	
8412	1552	2281	1665	754	537	2400	1782	10864	
8960	1626	2453	1808	866	582	2609	1760	11475	
8990	1756	2441	1780	784	556	2528	1810	11482	
9078	1837	2498	1811	812	624	2751	1930	11968	
8811	1737	2506	1853	941	577	2575	1877	11877	
8937	1804	2516	1895	954	589	2649	1830	11841	
8294	1791	2714	1817	876	620	2530	1767	11485	
8170	1842	2556	1763	876	624	2557	1754	11325	
7348	1681	2437	1581	868	486	2334	1586	10482	
7057	1643	2427	1533	857	475	2159	1463	9761	
6309	1507	2277	1336	846	420	1975	1343	8876	
5745	1460	2172	1241	829	497	1950	1228	8173	
5007	1184	2018	1097	741	365	1654	1036	7224	
4349	1136	1868	958	694	344	1643	991	6419	
3653	1041	1688	828	610	329	1304	811	5958	
3153	876	1591	773	575	274	1192	725	4782	
2653	739	1275	587	492	278	1091	622	4077	
2211	666	1172	520	470	182	919	519	3543	
1782	562	935	395	387	165	811	430	2774	
1448	450	769	326	436	134	642	376	2461	
1096	391	654	285	402	145	601	347	2059	
868	335	636	222	298	103	520	247	1710	
719	275	490	156	288	87	427	195	1289	
581	218	425	122	232	74	388	174	1097	
448	228	346	100	210	52	306	149	921	
341	145	350	119	168	41	267	125	750	
262	139	273	80	195	43	225	84	641	
203	125	259	56	183	32	218	79	582	
152	134	210	38	142	29	150	52	447	
141	127	182	45	155	33	171	65	451	
129	119	174	39	157	21	199	35	447	
120	117	200	21	148	28	158	25	376	
76	97	176	22	138	18	171	33	327	
79	94	168	24	133	26	141	27	363	
70	99	180	25	122	19	166	39	315	
98	129	188	20	118	22	149	31	314	
89	130	154	37	114	21	138	28	346	
98	153	194	25	138	28	164	23	327	
108	139	178	28	129	17	149	30	332	
122	109	178	37	174	32	145	20	336	
96	114	241	34	187	19	150	26	383	
95	145	190	56	140	18	160	25	399	
105	165	225	39	157	26	159	22	419	
122	168	295	42	185	23	169	38	408	
152	147	277	56	228	43	158	31	451	
133	209	245	56	228	41	162	27	419	
145	163	308	48	204	34	171	27	446	
172	213	330	59	210	58	155	32	512	
195	175	374	76	228	45	159	42	488	
219	224	340	84	253	56	162	44	528	
256	223	383	81	275	62	208	48	535	
276	270	433	110	311	63	200	55	605	
299	282	510	132	350	56	195	63	614	
358	282	486	128	350	56	222	78	694	
473	277	506	132	399	76	253	83	783	
487	318	577	157	372	85	223	102	819	
577	363	577	177	436	103	255	126	922	
654	368	636	195	459	110	308	134	1054	
752	426	702	208	530	107	313	142	1137	
773	450	684	252	530	128	321	148	1252	
870	491	694	280	472	128	335	181	1406	
1039	501	848	263	533	138	428	224	1511	
1133	478	783	320	550	131	369	243	1588	
1178	524	836	322	531	128	424	223	1765	
1325	597	907	348	595	149	432	242	1865	
1367	544	842	360	573	179	514	250	1923	
1427	589	947	361	535	151	467	290	2018	
1508	585	986	381	676	168	485	268	2093	
1446	553	1063	385	670	171	434	256	2063	
1509	637	1024	430	640	161	504	290	2125	
1458	628	1026	344	590	176	470	268	2003	
1432	529	1006	407	535	183	520	264	2032	
1362	615	943	363	646	162	492	239	1996	
1364	597	1071	423	631	185	461	234	1999	
1238	602	1046	334	681	156	432	195	1793	
1147	620	941	336	638	167	408	217	1717	
995	510	1050	292	717	139	406	174	1627	
872	557	1004	329	666	162	315	158	1528	
773	449	872	263	580	129	326	157	1301	
694	495	909	257	606	147	301	138	1184	
673	475	893	212	608	96	248	97	1027	
522	483	891	214	608	99	242	73	970	
420	462	822	183	599	118	206	65	819	
361	467	767	162	526	95	236	59	676	
288	353	767	173	539	77	213	51	649	
238	424	749	160	561	98	167	38	568	
185	399	781	155	567	102	154	39	436	
148	396	739	146	561	106	180	30	416	
113	356	704	156	524	107	168	26	378	
98	407	767	121	552	81	131	16	318	
90	345	721	98	588	81	150	17	287	
68	356	684	125	565	105	164	16	287	
51	345	723	112	475	89	124	17	238	
39	369	680	103	573	94	149	22	234	
35	290	664	83	530	95	150	16	237	
42	325	672	117	522	69	127	15	214	
18	350	704	110	503	84	149	15	202	
25	366	581	115	513	98	113	18	219	
18	333	542	94	517	67	116	18	227	
26	350	617	104	517	76	149	20	213	
29	313	534	105	457	66	145	14	224	
35	277	559	97	447	88	116	15	214	
29	310	613	79	423	54	139	17	210	
22	323	498	67	415	87	160	16	217	
20	285	520	87	427	58	143	25	256	
21	264	569	67	444	65	136	21	210	
30	249	490	70	432	47	148	12	210	
31	241	453	52	382	56	157	20	231	
20	214	372	51	365	48	155	22	220	
27	224	439	77	369	51	153	20	237	
40	237	387	42	309	54	131	18	240	
20	221	366	38	359	50	135	21	216	
36	181	366	41	320	48	154	22	233	
30	205	399	58	275	30	144	23	238	
35	203	326	37	268	30	158	16	209	
27	165	393	31	277	50	174	10	199	
26	200	346	42	271	33	134	16	177	
22	208	372	39	277	30	135	20	221	
26	160	283	42	249	30	131	18	184	
22	180	304	32	245	36	141	11	231	
25	188	295	44	226	37	125	17	203	
27	172	320	45	213	21	157	15	203	
20	173	275	42	226	25	134	11	198	
29	148	302	35	253	30	138	20	224	
26	153	249	42	228	28	135	20	195	
22	172	267	38	213	39	132	14	210	
17	163	247	34	219	33	144	9	198	
25	165	249	39	202	29	138	7	226	
22	168	285	41	210	37	118	16	214	
23	160	223	34	223	29	159	12	242	
25	158	275	32	204	28	135	9	234	
16	137	225	30	223	29	145	25	216	
16	143	241	25	195	23	152	18	199	
25	119	255	18	187	37	136	21	224	
23	155	229	25	182	22	110	17	205	
22	120	231	31	183	21	140	17	210	
20	145	267	24	172	28	143	14	219	
14	115	180	31	180	22	182	16	216	
20	129	227	31	180	21	178	20	231	
26	142	200	21	168	18	168	17	230	
22	117	174	30	168	14	143	12	205	
16	127	206	35	185	22	155	11	241	
27	102	202	24	157	30	172	17	248	
31	135	138	27	148	17	166	17	209	
23	132	156	14	161	14	174	21	255	
27	115	198	20	135	15	174	18	294	
20	104	150	21	146	17	138	23	242	
30	102	182	18	129	14	195	17	272	
22	99	198	15	135	11	171	11	214	
18	111	172	17	146	17	210	18	269	
29	101	152	18	122	21	188	26	261	
22	104	170	20	118	11	216	33	258	
33	106	152	17	135	15	224	37	248	
39	127	180	11	138	21	187	36	266	
47	104	188	24	157	18	222	27	280	
40	137	123	20	138	12	201	32	285	
34	132	190	15	122	18	176	44	254	
43	107	156	24	133	18	241	48	283	
56	122	150	20	107	26	222	39	306	
36	125	202	17	127	12	229	47	304	
47	143	138	28	101	18	215	54	283	
55	140	196	27	140	19	233	68	317	
48	147	125	13	109	17	214	51	287	
44	160	164	18	124	22	264	63	315	
66	132	176	22	138	14	222	48	317	
70	162	188	24	137	23	229	43	338	
62	134	166	15	144	22	216	47	349	
57	155	160	27	124	12	250	62	321	
69	148	178	22	152	18	196	57	335	
68	124	172	24	129	23	245	48	350	
47	147	160	30	150	19	201	63	293	
57	152	158	28	157	26	242	35	320	
53	143	184	21	146	21	220	43	271	
56	107	196	11	131	12	210	39	287	
49	142	158	20	127	26	200	39	294	
49	139	134	18	114	19	180	35	307	
35	102	188	24	148	11	196	46	252	
46	119	128	20	114	15	208	51	266	
44	106	119	17	110	18	169	37	245	
53	106	107	18	107	17	167	47	219	
38	114	130	20	71	10	181	39	193	
36	91	107	18	103	26	158	39	221	
38	96	105	8	105	15	145	33	216	
31	91	128	17	82	22	146	27	233	
31	81	130	17	97	17	155	32	221	
43	97	119	21	95	25	138	20	206	
36	81	142	17	109	18	139	31	214	
38	82	150	11	99	28	148	28	207	
47	64	109	17	101	12	148	21	198	
38	86	109	22	73	15	135	25	199	
35	84	113	28	73	18	150	26	217	
39	48	117	13	84	23	154	30	193	
35	91	91	14	92	7	116	27	209	
49	87	115	21	112	18	135	25	189	
31	79	81	14	77	14	153	26	177	
42	82	121	22	97	17	158	48	172	
33	64	87	15	99	12	143	35	202	
35	68	134	24	66	19	134	30	177	
40	109	99	28	107	21	149	23	181	
35	66	115	31	107	11	145	30	186	
43	69	101	27	110	23	153	36	189	
48	64	107	15	101	18	143	35	198	
49	61	123	21	99	21	141	27	179	
38	73	109	21	84	29	143	27	200	
44	74	107	28	79	25	136	30	178	
48	92	89	21	84	22	171	35	192	
51	64	93	30	97	19	136	46	171	
62	56	87	21	92	22	162	31	195	
59	76	103	14	69	28	131	35	209	
43	63	91	15	101	17	121	37	184	
56	73	77	34	86	14	144	31	195	
69	63	121	20	79	23	132	31	181	
51	94	115	24	86	15	140	41	191	
66	76	91	21	95	22	169	49	174	
70	94	87	21	112	11	136	49	181	
89	78	75	30	84	21	176	70	178	
96	96	97	22	80	17	172	70	170	
89	76	87	25	80	22	150	62	203	
98	79	113	25	80	23	174	73	216	
89	79	103	28	99	26	152	67	198	
126	78	89	27	80	23	169	94	220	
90	86	95	32	109	36	187	96	212	
126	76	95	24	86	14	177	92	191	
141	87	101	22	82	32	153	94	234	
125	71	83	22	86	17	187	95	217	
129	64	105	31	84	19	168	99	220	
125	66	77	18	75	19	152	81	227	
124	78	121	25	107	30	169	105	203	
104	74	113	34	90	25	149	105	249	
133	78	83	32	97	17	195	65	255	
121	82	101	30	94	34	208	92	221	
154	76	117	17	75	26	167	86	220	
120	94	81	17	75	26	131	88	231	
121	92	91	30	77	28	169	78	247	
104	76	89	31	116	29	154	75	198	
86	86	109	44	101	21	162	70	205	
105	76	85	30	90	26	173	67	224	
74	87	123	27	97	41	168	60	206	
82	76	101	38	80	40	173	60	206	
70	101	99	30	92	15	150	63	195	
61	81	132	44	79	28	153	54	226	
76	76	121	22	84	15	159	49	186	
89	82	128	41	80	22	160	60	227	
68	94	101	22	99	33	154	68	182	
66	96	91	31	90	32	176	44	205	
74	94	105	38	90	37	172	68	223	
69	81	115	37	97	28	168	62	199	
65	84	128	25	92	29	177	60	191	
70	82	91	37	101	37	152	59	181	
60	109	117	48	95	32	166	65	200	
70	114	132	37	112	28	171	62	231	
74	89	109	39	71	25	166	46	192	
76	111	132	48	88	37	148	51	196	
68	99	93	41	122	30	174	73	206	
61	104	99	25	97	22	200	60	231	
74	68	115	34	79	39	188	72	210	
65	96	125	46	94	25	149	76	203	
72	109	132	41	140	32	146	55	198	
52	101	97	34	86	25	168	53	188	
68	125	99	31	109	36	186	67	195	
87	86	107	30	82	29	163	47	191	
55	87	115	28	88	40	171	65	182	
68	114	81	31	99	29	145	70	231	
81	96	115	46	135	40	164	75	226	
83	119	123	44	112	18	149	46	200	
81	129	113	39	99	40	157	67	206	
69	87	134	27	120	34	153	60	198	
66	115	109	34	88	43	166	74	177	
78	111	123	39	107	25	167	60	199	
74	101	95	39	107	34	155	68	175	
78	96	87	41	124	30	166	59	182	
72	87	101	42	101	43	155	70	210	
81	81	111	42	112	43	138	73	185	
72	112	130	48	109	47	152	70	228	
76	92	105	44	101	40	166	55	178	
91	87	132	34	120	47	171	74	214	
74	86	123	42	109	41	149	69	189	
86	109	123	60	103	39	148	69	175	
109	109	142	39	138	30	166	94	193	
78	96	115	46	109	48	148	81	198	
103	99	154	45	109	43	144	78	195	
103	84	113	56	122	40	153	74	185	
74	106	89	52	97	33	143	80	198	
90	101	123	45	120	34	164	95	223	
92	97	140	59	110	36	130	92	205	
98	101	134	39	124	56	150	83	186	
79	111	117	60	150	39	169	69	188	
113	92	113	53	101	54	167	105	255	
107	104	130	46	155	58	157	91	226	
109	92	119	60	125	44	172	86	205	
76	102	142	62	118	52	171	84	210	
95	127	119	70	118	41	138	76	226	
104	120	109	46	129	65	164	89	200	
105	114	148	76	107	50	162	76	188	
112	97	138	52	146	54	166	74	198	
99	117	164	42	112	62	155	76	199	
99	87	119	42	127	54	144	58	193	
104	119	138	69	124	55	169	70	188	
105	107	142	51	146	56	185	85	214	
95	111	117	74	144	56	174	75	223	
94	109	134	67	125	54	164	89	219	
105	124	170	63	124	56	169	75	198	
99	97	142	59	120	44	160	88	193	
104	102	136	63	114	61	181	79	207	
103	117	134	56	131	41	144	75	199	
128	91	130	48	118	56	154	89	212	
100	119	144	70	142	52	153	89	181	
86	119	148	56	144	59	140	96	185	
117	97	148	63	107	63	157	73	219	
103	112	160	93	103	52	164	95	177	
102	107	140	63	142	74	160	85	185	
107	125	140	59	140	52	144	101	196	
103	106	154	69	125	56	159	118	241	
126	101	136	62	142	61	158	79	195	
95	115	125	66	116	61	158	101	185	
113	86	150	65	150	67	157	91	228	
122	111	150	63	159	62	162	99	226	
96	129	180	77	129	65	145	88	182	
135	125	178	62	105	69	171	91	172	
125	89	154	65	122	76	162	110	172	
121	104	154	74	124	70	158	95	207	
117	104	172	70	109	70	150	100	206	
125	101	184	77	125	62	158	102	216	
112	112	144	69	114	69	158	102	199	
116	94	160	84	105	56	180	106	217	
137	142	160	74	129	62	149	96	219	
121	127	136	65	138	59	158	97	228	
121	130	142	87	140	62	187	96	192	
125	99	123	74	150	67	154	85	171	
99	122	154	65	120	70	168	75	185	
134	180	156	90	135	69	149	97	188	
94	104	200	84	122	69	172	101	202	
122	73	160	76	125	80	155	107	184	
118	91	140	76	118	70	149	109	210	
116	114	134	80	133	69	171	92	184	
133	97	174	91	97	59	160	116	206	
146	111	152	81	125	62	169	102	184	
130	81	160	87	110	70	166	95	186	
124	99	148	77	146	69	163	88	217	
128	120	170	77	133	72	146	115	214	
129	127	136	79	122	52	140	106	192	
107	115	180	73	107	63	154	106	185	
111	78	160	63	95	61	158	79	213	
129	114	160	89	125	72	145	100	191	
126	112	178	83	86	65	186	115	221	
141	119	142	89	107	81	162	129	192	
138	92	138	87	144	81	160	129	178	
126	109	136	81	112	70	150	118	191	
126	96	152	90	97	56	148	126	220	
161	74	132	80	133	74	160	120	202	
142	89	192	76	94	77	169	111	212	
129	102	128	66	99	67	131	107	196	
124	107	150	111	114	55	163	112	165	
125	102	132	87	105	78	150	107	217	
137	91	180	103	107	55	158	95	227	
142	101	138	89	125	72	162	107	189	
125	89	176	103	103	72	131	107	192	
146	114	146	76	99	66	152	104	161	
0	0	0	0	0	0	0	0	0	
0	0	0	0	0	0	0	0	0	
0	0	0	0	0	0	0	0	0	
0	0	0	0	0	0	0	0	0	
