DWTR-TX.str	DWTR-AR.str	DWTR-FL.str	DWTR-IL.str	DWTR-KS.str	DWTR-ME.str	DWTR-OR.str	DWTR-PA.str	
0	0	0	0	0	0	0	0	
0	0	0	0	0	0	0	0	
0	0	0	0	0	0	0	0	
0	0	0	0	0	0	0	0	
0	0	0	0	0	0	0	0	
0	0	0	0	0	0	0	0	
0	0	0	0	0	0	0	0	
0	0	0	0	0	0	0	0	
0	0	0	0	0	0	0	0	
0	0	0	0	0	0	0	0	
0	0	0	0	0	0	0	0	
0	0	0	0	0	0	0	0	
0	0	0	0	0	0	0	0	
0	0	0	0	0	0	0	0	
0	0	0	0	0	0	0	0	
0	0	0	0	0	0	0	0	
0	0	0	0	0	0	0	0	
0	0	0	0	0	0	0	0	
0	0	0	0	0	0	0	0	
0	0	0	0	0	0	0	0	
0	0	0	0	0	0	0	0	
0	0	0	0	0	0	0	0	
0	0	0	0	0	0	0	0	
0	0	0	0	0	0	0	0	
0	0	0	0	0	0	0	0	
0	0	0	0	0	0	0	0	
0	0	0	0	0	0	0	0	
0	0	0	0	0	0	0	0	
0	0	0	0	0	0	0	0	
0	0	0	0	0	0	0	0	
0	0	0	0	0	0	0	0	
0	0	0	0	0	0	0	0	
0	0	0	0	0	0	0	0	
0	0	0	0	0	0	0	0	
0	0	0	0	0	0	0	0	
0	0	0	0	0	0	0	0	
0	0	0	0	0	0	0	0	
0	0	0	0	0	0	0	0	
0	0	0	0	0	0	0	0	
0	0	0	0	0	0	0	0	
0	0	0	0	0	0	0	0	
0	0	0	0	0	0	0	0	
0	0	0	0	0	0	0	0	
0	0	0	0	0	0	0	0	
0	0	0	0	0	0	0	0	
0	0	0	0	0	0	0	0	
0	0	0	0	0	0	0	0	
0	0	0	0	0	0	0	0	
0	0	0	0	0	0	0	0	
0	0	0	0	0	0	0	0	
0	0	0	0	0	0	0	0	
0	0	0	0	0	0	0	0	
0	0	0	0	0	0	0	0	
0	0	0	0	0	0	0	0	
0	0	0	0	0	0	0	0	
0	0	0	0	0	0	0	0	
0	0	0	0	0	0	0	0	
0	0	0	0	0	0	0	0	
0	0	0	0	0	0	0	0	
0	0	0	0	0	0	0	0	
2	1	0	0	0	2	3	1	
1	0	0	0	0	0	0	0	
0	0	0	1	0	1	0	2	
2	1	0	0	0	0	1	1	
0	0	1	0	0	0	0	1	
0	0	0	1	0	0	0	0	
0	0	0	0	0	0	1	0	
0	0	2	0	1	0	0	0	
1	0	0	0	0	0	0	0	
0	0	1	0	1	0	0	0	
0	1	0	0	0	0	1	0	
1	0	0	0	1	0	0	4	
0	0	1	0	0	1	3	1	
1	0	1	1	0	0	0	0	
0	2	0	1	0	1	1	1	
0	0	2	0	0	0	0	0	
1	0	0	0	1	0	3	1	
0	0	1	0	0	0	1	0	
0	0	1	0	1	0	0	0	
0	1	0	0	0	0	1	2	
4	0	0	6	0	0	0	0	
0	0	0	0	0	0	3	2	
2	2	0	1	2	0	0	1	
1	0	1	1	0	2	1	1	
0	1	1	1	1	0	3	0	
2	1	0	1	2	0	1	0	
1	0	1	0	0	2	1	0	
1	0	1	3	2	1	0	0	
1	0	2	1	2	2	1	0	
1	1	3	1	5	2	0	1	
1	0	1	3	0	2	1	1	
0	0	0	0	2	1	0	2	
1	1	1	1	2	1	0	1	
1	2	3	3	1	2	3	6	
2	5	7	6	1	6	3	4	
5	2	6	1	0	4	3	2	
8	1	7	10	3	1	4	0	
4	1	7	4	2	4	4	4	
5	2	8	1	3	4	4	2	
2	2	16	1	6	5	1	6	
6	6	9	13	8	10	7	4	
5	2	7	7	5	9	3	2	
6	7	15	7	8	9	7	7	
5	2	7	10	5	10	12	13	
5	1	17	10	9	7	9	10	
7	2	17	11	9	11	5	7	
8	7	11	13	7	10	16	10	
12	9	11	17	10	9	9	11	
15	4	23	13	5	16	16	12	
12	11	18	20	9	17	17	11	
12	11	15	20	7	16	16	21	
16	17	26	19	14	18	30	20	
11	14	22	23	14	15	13	12	
16	9	29	19	13	9	26	15	
24	15	41	37	27	19	13	23	
21	20	32	30	19	28	24	24	
29	15	30	37	21	26	28	24	
28	9	33	39	21	39	22	33	
27	25	33	39	29	22	34	20	
28	22	31	39	20	19	38	30	
34	27	24	46	30	44	49	19	
41	25	35	63	34	44	41	39	
47	25	53	77	36	39	50	38	
51	32	58	54	41	35	44	39	
51	26	44	56	31	50	53	48	
47	35	45	72	38	44	61	56	
46	29	55	53	45	47	54	54	
59	41	76	86	34	44	82	51	
53	31	71	76	51	84	77	64	
65	29	80	76	59	72	91	54	
71	46	89	103	58	89	112	68	
70	50	82	79	65	80	110	70	
93	50	95	53	61	91	112	82	
81	60	118	86	63	83	130	99	
94	53	120	63	88	109	155	119	
115	53	173	50	75	117	172	100	
141	81	195	73	86	174	213	161	
161	72	238	66	104	187	214	189	
180	114	290	73	137	236	254	205	
248	153	388	80	178	292	328	290	
265	207	434	82	194	339	379	329	
363	238	564	96	282	430	545	420	
451	290	658	82	253	537	554	479	
463	364	824	103	341	654	705	623	
564	370	941	100	400	733	808	660	
704	442	1080	116	472	849	993	846	
753	483	1216	122	510	929	1042	917	
866	549	1382	153	579	1087	1120	907	
919	604	1302	146	576	1102	1200	989	
864	573	1406	148	579	1168	1195	1112	
922	580	1405	153	578	1044	1301	1037	
953	648	1361	172	593	1051	1277	1008	
867	546	1317	165	610	1081	1318	941	
819	541	1135	171	530	998	1272	935	
730	443	994	161	566	892	1186	760	
706	451	919	169	515	790	1231	736	
626	366	807	148	461	710	1007	601	
625	336	706	156	436	595	976	530	
568	279	600	166	455	498	831	444	
578	230	545	176	494	463	780	424	
526	186	508	159	495	442	712	340	
521	199	528	189	567	394	759	324	
617	163	485	172	707	440	792	338	
625	179	518	198	830	454	784	325	
749	174	659	194	1042	512	927	414	
922	182	774	202	1228	549	1064	477	
1137	196	852	228	1536	656	1266	524	
1400	201	1068	259	2012	776	1433	652	
1647	213	1246	302	2325	915	1708	756	
2054	304	1491	282	2851	1074	1946	924	
2133	304	1613	331	3028	1238	2288	1087	
2437	308	1933	377	3611	1445	2617	1199	
2728	365	1966	406	3637	1496	2728	1217	
2841	336	2157	452	4103	1639	2969	1273	
2956	385	2293	421	4101	1566	3286	1392	
3082	420	2359	509	4193	1682	3260	1424	
2850	377	2110	424	3954	1595	3227	1258	
3000	369	2049	492	3980	1552	3135	1274	
2705	361	1930	487	3674	1458	3109	1245	
2586	382	1777	447	3350	1392	3040	1125	
2137	305	1554	424	2888	1189	2695	944	
1970	308	1364	453	2639	1132	2567	956	
1603	262	1083	409	2118	926	2132	755	
1532	253	977	380	1822	843	1852	650	
1208	217	821	406	1480	694	1532	542	
988	205	654	354	1246	607	1355	439	
804	163	538	363	960	493	1147	421	
612	154	442	325	803	430	909	368	
558	129	379	347	622	369	833	273	
417	139	301	353	453	311	649	256	
390	118	316	364	422	265	516	211	
282	123	274	411	340	258	451	207	
277	106	235	388	272	238	336	190	
253	128	252	437	226	213	336	199	
240	145	284	470	207	202	266	217	
230	141	282	510	210	220	267	225	
241	144	285	476	234	213	278	199	
216	141	358	529	240	242	242	182	
216	159	393	507	190	243	217	215	
211	171	424	517	217	259	251	202	
260	187	416	492	198	284	292	260	
265	192	476	464	209	276	259	227	
283	191	440	453	234	323	272	245	
281	190	422	439	223	294	300	245	
254	186	435	462	213	284	251	236	
235	192	427	430	195	258	270	286	
257	196	404	357	209	279	260	233	
236	201	382	371	232	320	301	231	
184	207	338	343	199	264	271	205	
233	201	376	361	183	276	284	236	
184	181	380	331	224	258	258	237	
201	184	357	315	205	253	296	246	
172	175	342	324	202	247	267	236	
151	171	308	331	181	219	249	244	
167	201	290	277	158	272	234	221	
177	170	310	292	184	277	237	239	
150	192	324	280	189	211	230	220	
137	185	322	284	197	256	260	215	
139	192	337	241	184	252	260	262	
141	199	398	214	176	247	246	270	
141	204	442	238	174	284	245	293	
141	216	481	239	189	337	255	311	
173	191	630	228	178	340	262	357	
167	241	721	242	173	354	239	365	
162	252	809	294	175	406	268	376	
173	251	898	290	191	451	311	486	
165	284	1068	291	166	504	308	561	
172	315	1221	304	204	575	301	595	
196	318	1272	268	184	586	296	589	
204	339	1381	347	213	628	321	682	
208	323	1499	323	203	683	324	711	
217	365	1566	398	219	770	328	735	
212	298	1521	377	178	701	346	736	
214	323	1459	355	189	717	361	743	
208	331	1407	407	210	690	350	717	
206	319	1294	403	188	634	311	638	
184	251	1164	420	169	609	361	646	
194	278	1100	436	170	590	328	604	
166	236	1005	463	170	476	288	511	
171	253	777	403	159	482	252	554	
167	207	747	409	149	372	243	414	
122	211	626	439	143	385	230	369	
125	197	527	368	149	349	174	360	
138	196	495	380	121	313	200	323	
136	156	416	347	140	258	194	254	
121	170	370	333	130	260	192	273	
131	165	316	337	123	217	181	236	
109	134	290	301	127	225	157	215	
126	170	264	294	144	205	189	219	
147	123	261	301	105	208	176	221	
157	115	239	252	112	221	163	224	
116	171	228	277	133	213	157	238	
138	141	196	225	134	181	184	210	
173	155	238	231	126	187	186	210	
173	153	226	212	148	197	213	246	
211	158	211	228	181	213	234	290	
182	189	230	204	161	230	217	263	
225	211	252	238	206	249	247	375	
216	237	275	216	202	278	279	362	
321	241	293	297	264	339	301	445	
311	299	350	272	283	330	358	413	
382	360	402	277	333	436	397	586	
475	428	482	338	367	431	443	627	
486	443	544	386	438	565	480	639	
515	539	610	456	509	616	482	750	
595	597	697	466	575	676	597	864	
590	643	682	517	599	733	604	811	
740	710	763	486	618	883	683	916	
728	730	897	556	698	887	712	993	
802	817	789	645	695	917	780	1025	
792	844	887	625	741	863	816	1066	
809	839	953	621	736	934	792	1027	
813	828	879	655	712	976	879	974	
827	871	845	602	729	985	865	1000	
819	793	847	654	662	1002	802	1010	
790	839	847	655	686	1004	851	957	
818	783	761	606	677	848	816	887	
821	804	749	730	658	961	903	957	
753	801	756	715	683	865	715	855	
836	737	756	698	651	912	738	870	
753	748	678	648	649	905	768	927	
836	686	744	672	636	871	702	856	
812	724	669	602	657	803	722	854	
815	753	678	678	615	864	673	829	
825	698	706	665	614	757	612	785	
785	647	710	654	607	796	702	845	
787	660	607	717	619	844	691	761	
809	693	634	667	572	773	637	782	
780	567	595	631	533	730	592	730	
655	631	542	668	518	705	586	679	
643	588	507	616	509	674	538	670	
654	550	511	648	480	631	562	637	
546	496	436	615	396	573	527	585	
555	498	386	515	394	565	472	592	
431	433	379	492	371	476	428	491	
447	369	324	496	331	463	399	454	
396	356	310	434	313	420	371	407	
357	328	299	407	229	382	337	376	
287	287	246	376	238	330	296	319	
276	272	259	421	231	321	327	337	
274	236	227	366	219	243	280	240	
247	205	193	295	178	258	270	256	
252	218	204	310	178	211	233	240	
200	185	157	294	176	232	221	187	
194	148	143	255	156	193	198	200	
174	187	135	282	147	198	193	163	
187	140	111	292	158	188	177	169	
176	137	119	288	147	164	165	131	
142	107	124	258	134	171	163	138	
155	107	118	292	112	166	153	129	
131	107	113	275	127	145	163	121	
171	113	96	323	101	137	177	118	
144	76	111	295	124	123	149	99	
151	134	97	302	112	124	153	115	
111	119	92	307	105	130	171	111	
168	87	98	333	127	108	156	114	
156	91	106	330	117	128	159	93	
153	82	90	324	112	118	152	115	
171	77	96	323	123	114	132	105	
190	74	103	333	147	118	139	110	
179	88	76	295	149	135	159	92	
227	70	80	335	182	111	186	107	
297	83	69	317	183	180	153	120	
304	73	63	315	228	179	184	133	
396	79	71	337	248	147	221	123	
384	97	66	343	336	196	219	151	
492	101	76	364	372	214	267	156	
533	124	69	347	426	237	313	151	
625	114	82	391	445	250	338	146	
663	101	84	407	458	290	342	194	
690	135	89	414	513	279	398	170	
743	127	77	416	547	311	404	210	
780	141	96	469	569	298	416	211	
763	119	80	526	542	298	481	236	
675	120	78	538	540	328	431	202	
728	117	96	601	508	321	407	210	
728	127	85	665	557	313	387	226	
672	108	98	740	513	329	439	207	
627	119	87	767	472	258	374	183	
551	109	73	896	452	259	366	171	
523	99	97	927	384	230	340	179	
435	92	87	1062	353	214	311	161	
378	99	84	1134	309	215	278	144	
368	76	76	1221	315	179	260	132	
266	103	78	1326	234	170	234	129	
257	86	84	1456	240	176	227	112	
187	93	84	1627	236	156	202	107	
212	102	90	1709	211	132	200	123	
178	65	77	1826	182	125	165	107	
159	72	82	2093	187	139	163	104	
167	65	76	2186	202	142	165	98	
174	71	86	2505	158	132	171	110	
147	74	79	2604	163	135	167	115	
145	84	96	3123	209	142	172	127	
194	86	109	3433	187	146	192	151	
182	92	98	3995	219	175	213	136	
204	110	101	4446	248	192	251	145	
225	107	132	5285	282	199	249	202	
257	117	165	6222	304	224	249	194	
256	112	142	7383	374	241	319	257	
339	145	171	8769	431	298	307	287	
368	170	205	10479	429	345	346	287	
355	179	248	12203	516	352	463	358	
437	192	260	14256	596	377	486	412	
449	225	285	15997	705	412	558	469	
511	264	327	18749	775	493	554	504	
568	284	345	20211	866	550	666	539	
597	274	364	23118	859	593	695	624	
561	302	377	24053	889	597	793	596	
613	315	416	26735	972	656	753	636	
637	300	381	27480	1011	650	772	663	
581	336	417	29061	1000	671	789	699	
594	309	402	28198	957	621	781	610	
579	258	370	28883	896	626	838	687	
522	273	339	27274	804	597	777	563	
481	294	329	26653	754	577	748	600	
406	256	322	24466	643	505	705	525	
409	240	303	22759	641	480	668	442	
382	249	210	19882	527	422	628	406	
311	195	234	18056	490	397	562	388	
239	180	173	15565	418	321	455	314	
259	156	175	13396	353	289	383	285	
196	176	163	11075	293	267	333	205	
187	133	142	9674	271	248	295	227	
184	110	137	7587	216	194	235	187	
125	97	125	6580	152	154	229	164	
133	114	101	5166	175	154	194	157	
127	91	98	4326	165	149	205	155	
136	102	101	3545	129	154	135	132	
97	79	87	2900	124	163	173	146	
108	88	95	2500	124	128	147	112	
125	96	109	2348	121	146	156	129	
115	98	98	2172	117	131	134	135	
137	102	118	2196	131	171	156	135	
130	103	101	2318	133	131	131	140	
134	132	102	2530	154	154	157	154	
131	102	95	2666	166	185	176	157	
130	104	141	2898	160	166	178	167	
141	122	126	3122	187	199	149	163	
178	109	127	3446	178	199	192	186	
145	119	134	3583	167	198	165	175	
172	92	148	4002	180	209	177	194	
155	139	140	3926	214	217	209	186	
171	125	143	4200	176	203	200	189	
154	109	148	4010	183	185	201	189	
164	132	148	4284	207	209	167	208	
153	114	140	4021	187	164	204	177	
128	125	119	3807	169	169	202	161	
143	129	112	3631	183	164	174	170	
134	115	119	3474	160	186	167	145	
124	103	119	2997	131	164	177	174	
144	98	96	2686	155	169	155	140	
117	102	100	2430	134	143	155	157	
108	106	108	2002	129	149	186	139	
86	99	106	1723	99	146	123	152	
101	99	95	1433	105	126	128	136	
108	84	105	1177	82	121	153	124	
111	98	100	950	82	123	152	113	
97	81	100	798	82	129	108	112	
119	76	98	602	81	120	126	114	
82	87	87	446	88	108	115	124	
84	99	103	381	83	114	114	123	
94	96	81	318	92	114	112	111	
88	87	100	239	93	134	148	105	
98	67	116	215	76	97	107	114	
94	70	112	145	79	119	114	118	
103	94	98	123	67	107	164	101	
113	101	112	82	86	124	157	120	
111	94	95	70	87	108	140	126	
94	103	98	87	86	102	165	129	
126	102	113	65	89	132	137	107	
103	97	98	77	88	101	168	120	
111	102	92	75	76	111	161	113	
132	113	121	36	97	118	159	96	
134	103	93	57	112	119	143	111	
143	114	105	44	101	145	190	123	
139	78	86	59	105	130	197	120	
156	83	104	52	102	135	247	139	
162	115	106	67	143	159	258	132	
167	128	103	65	133	139	280	119	
147	107	134	72	165	157	296	136	
179	101	141	54	168	169	332	164	
200	101	137	66	190	168	407	146	
241	113	119	62	239	171	471	162	
254	150	125	65	205	148	476	154	
300	139	141	83	267	179	566	193	
313	155	157	69	278	199	634	182	
283	150	166	67	328	232	677	182	
351	141	152	52	318	207	753	195	
331	180	168	92	352	253	872	219	
373	154	182	67	337	270	871	210	
394	153	191	67	352	248	861	202	
408	171	187	65	338	243	863	175	
408	163	212	80	333	222	957	214	
371	141	191	67	340	265	866	208	
328	155	198	53	326	237	961	187	
354	168	191	72	329	221	875	215	
348	138	142	66	302	217	818	202	
329	159	156	66	245	232	724	186	
304	150	147	59	251	220	739	187	
281	135	145	66	231	185	673	181	
276	137	131	80	240	173	640	185	
250	168	120	60	168	174	535	158	
228	155	129	59	183	162	506	167	
204	122	121	65	168	137	443	170	
193	129	135	65	151	152	404	161	
149	128	121	53	132	158	369	168	
154	118	111	62	118	143	358	204	
147	140	119	59	101	117	282	182	
139	148	110	46	99	136	272	215	
147	132	97	69	111	115	263	211	
137	122	100	66	105	146	218	192	
134	132	106	69	96	128	217	210	
138	115	114	57	80	142	210	186	
143	125	112	49	83	117	163	196	
134	99	104	69	75	151	185	199	
136	118	114	65	82	118	171	208	
153	103	104	50	81	145	164	185	
124	124	118	69	92	141	192	175	
137	119	105	53	103	148	151	152	
110	122	95	57	109	131	182	156	
145	109	102	46	96	113	163	165	
132	101	105	57	95	158	159	174	
149	129	112	59	87	120	185	158	
141	119	104	49	107	129	200	131	
150	102	98	46	122	157	188	148	
131	102	111	49	96	136	221	146	
153	130	128	52	125	137	272	164	
159	113	124	70	123	120	258	157	
149	127	114	52	104	139	231	146	
150	103	114	63	102	147	243	130	
142	113	128	53	160	142	270	143	
164	134	133	52	125	165	275	157	
174	112	112	73	144	164	296	137	
202	125	113	56	144	164	280	177	
171	115	125	56	131	163	323	144	
166	125	116	54	132	169	283	123	
160	132	140	56	155	131	307	127	
160	112	123	62	116	176	312	119	
172	137	128	39	127	157	264	140	
162	115	128	44	131	154	286	135	
139	98	139	70	119	129	279	164	
156	98	124	42	125	163	231	135	
139	92	134	42	122	128	217	138	
125	119	161	47	94	166	242	133	
137	113	124	67	95	149	194	152	
127	108	137	42	105	170	210	119	
130	128	125	56	94	185	202	136	
113	92	111	52	89	139	182	140	
138	113	114	54	70	124	164	132	
105	99	113	50	85	160	163	118	
96	112	116	65	88	160	157	139	
104	119	111	54	90	135	153	132	
121	114	135	52	82	154	151	140	
109	114	132	43	103	165	132	132	
120	112	133	59	93	174	190	124	
111	119	120	47	95	168	164	149	
122	97	124	63	88	160	136	129	
114	81	139	47	75	179	163	135	
134	101	136	46	96	176	132	155	
125	114	160	53	101	154	143	145	
138	96	147	36	109	165	137	130	
137	106	123	49	88	179	156	136	
104	107	169	60	90	169	149	143	
114	115	149	37	90	165	147	124	
142	93	160	32	92	180	161	146	
130	117	155	34	90	173	132	130	
111	118	172	42	88	151	143	151	
108	115	173	47	96	128	148	148	
154	99	159	44	92	185	157	148	
159	108	168	40	124	185	152	114	
133	132	168	37	121	154	171	173	
134	115	166	54	94	152	122	137	
159	119	180	54	111	170	148	157	
119	141	181	42	108	175	168	164	
151	115	193	52	115	182	194	165	
133	139	143	53	99	171	178	151	
128	128	183	39	112	174	169	146	
134	137	174	49	105	168	157	145	
138	149	184	59	100	183	173	145	
148	125	151	62	125	175	167	157	
131	127	185	46	122	166	186	152	
144	123	168	54	112	181	163	137	
143	115	175	49	102	177	163	157	
132	127	163	37	121	154	172	150	
147	161	179	43	109	166	189	143	
165	125	152	52	100	187	178	143	
114	137	141	47	117	162	152	156	
136	137	143	69	118	164	156	144	
117	144	131	44	110	173	185	148	
98	133	131	60	119	179	181	142	
164	151	155	46	114	177	180	137	
134	141	134	52	96	146	177	148	
154	144	135	59	99	153	169	148	
127	103	118	52	102	156	157	167	
131	135	124	62	125	149	169	142	
119	124	126	65	92	164	165	137	
134	123	124	63	93	143	184	162	
132	137	114	50	103	149	197	180	
132	119	120	39	109	159	176	174	
114	122	112	50	102	157	160	150	
170	148	137	59	97	149	168	163	
131	165	137	62	93	142	181	142	
153	133	114	52	105	182	164	180	
126	129	132	50	123	162	176	170	
162	127	114	59	127	165	157	181	
150	137	114	49	118	159	161	179	
144	146	117	56	133	170	201	179	
143	159	132	57	117	190	169	175	
159	155	117	52	140	156	181	220	
151	150	117	50	133	152	157	205	
154	148	137	66	131	169	180	226	
133	164	120	59	138	174	169	200	
144	211	88	39	127	169	206	205	
171	194	132	44	167	181	213	238	
183	179	137	46	175	196	188	298	
157	238	123	46	151	200	206	350	
161	242	108	53	236	199	190	340	
157	302	132	56	250	273	204	424	
199	334	126	76	276	243	225	445	
193	344	141	65	280	265	210	516	
188	411	119	66	297	303	234	575	
188	428	128	70	336	323	243	642	
207	483	159	70	417	321	272	743	
213	583	148	73	465	320	297	874	
246	588	126	83	516	383	309	883	
217	628	172	73	508	363	338	894	
237	729	145	85	589	450	345	1064	
211	736	163	80	557	426	356	1051	
247	818	129	65	669	417	391	1126	
257	842	144	85	643	468	342	1227	
274	880	135	85	621	468	401	1202	
251	815	163	97	561	430	414	1236	
235	851	136	109	633	453	427	1199	
223	787	158	92	581	422	374	1077	
268	768	135	87	647	458	402	1083	
254	707	160	92	517	409	436	1027	
212	739	183	79	547	377	361	1032	
223	657	149	76	487	399	367	888	
194	669	158	77	452	334	395	793	
250	513	187	76	413	357	336	755	
220	493	177	65	323	347	373	626	
227	453	166	59	300	233	341	554	
214	407	142	85	267	306	364	521	
239	406	184	57	224	273	332	412	
217	385	183	76	236	276	391	430	
252	356	152	93	203	270	375	335	
236	385	175	72	211	238	381	344	
228	357	173	79	181	304	426	310	
247	360	179	70	154	269	451	280	
236	387	168	89	185	270	460	275	
287	448	166	82	190	300	517	251	
275	416	189	95	185	271	559	229	
292	456	182	80	166	266	582	242	
304	477	210	93	204	303	642	258	
337	482	182	95	221	296	748	283	
332	495	195	92	196	333	781	267	
412	530	204	89	231	316	818	290	
403	671	232	93	223	349	870	301	
495	712	210	96	278	380	970	343	
558	734	228	108	247	413	1064	331	
585	858	237	100	298	463	1194	418	
607	951	216	112	340	495	1400	414	
699	1128	289	109	403	536	1535	489	
807	1317	347	103	444	566	1718	510	
976	1636	373	120	546	672	2016	620	
1074	1785	385	109	622	752	2304	687	
1355	2217	480	115	693	882	2732	807	
1466	2616	503	103	821	1015	3030	885	
1845	3097	601	143	961	1126	3742	1063	
2200	3640	662	146	1106	1333	4114	1220	
2455	4395	768	179	1371	1634	4961	1441	
2910	4985	900	171	1471	1814	5644	1651	
3423	5897	1036	196	1735	2161	6714	1887	
3831	6694	1207	194	1986	2357	7063	2104	
4387	7522	1314	206	2252	2784	8387	2497	
4561	7940	1374	226	2442	2785	9167	2550	
5114	8993	1566	265	2620	3200	10087	2951	
5499	9490	1614	248	2900	3387	10426	2976	
5835	10442	1635	280	3083	3533	11589	3272	
5780	10313	1652	280	3066	3629	11706	3453	
6250	11155	1792	278	3143	3906	12504	3517	
6126	10993	1722	281	3166	3776	12284	3548	
6127	10874	1735	272	3158	3673	12662	3503	
5848	10703	1645	304	2983	3577	12288	3273	
5731	10304	1564	314	2858	3604	12047	3234	
5291	9789	1479	280	2730	3334	11429	3008	
5153	8986	1353	300	2503	3035	10909	2810	
4707	8104	1255	228	2253	2790	9997	2656	
4031	7430	1080	248	2085	2593	9443	2337	
3582	6689	956	224	1843	2260	7973	2099	
3261	5785	891	194	1596	2052	7342	1937	
2715	4923	772	181	1349	1780	6279	1658	
2323	4247	662	196	1122	1535	5725	1485	
1896	3535	587	145	1013	1230	4662	1168	
1632	3091	546	166	851	1181	4040	1057	
1325	2310	396	113	658	915	3175	821	
1085	2065	398	108	570	836	2797	771	
894	1507	308	90	487	677	2295	616	
751	1408	242	72	394	586	1755	582	
597	979	300	67	347	473	1388	488	
495	825	232	73	305	434	1125	387	
401	648	208	69	234	379	957	369	
331	604	175	67	187	354	788	321	
290	429	161	62	181	298	627	299	
264	391	167	57	166	295	554	293	
253	341	157	60	152	269	436	244	
173	299	147	86	156	202	350	239	
194	247	161	63	138	278	344	207	
176	225	171	59	133	219	323	221	
178	232	143	52	133	215	287	176	
171	199	160	60	144	228	245	226	
168	191	145	50	130	232	242	189	
180	202	147	52	131	214	237	182	
206	175	145	63	139	211	254	179	
183	205	157	75	126	196	238	213	
180	194	148	83	122	211	263	204	
178	205	169	72	160	242	260	218	
173	194	142	92	112	256	262	206	
173	212	164	86	131	185	291	220	
180	210	140	92	133	216	271	211	
187	232	161	90	136	243	295	194	
208	245	143	97	115	230	299	201	
213	249	173	100	147	284	311	177	
225	246	176	113	147	236	325	187	
231	302	172	92	156	217	357	245	
207	278	193	118	161	242	390	217	
257	266	196	130	170	231	366	236	
254	289	161	113	166	273	377	206	
277	350	184	151	177	278	494	255	
316	391	182	146	214	282	508	243	
359	429	190	135	203	305	596	240	
349	447	199	143	214	305	580	293	
372	464	216	161	209	299	681	313	
455	583	231	156	253	396	747	300	
510	701	219	183	280	422	870	375	
528	773	230	169	293	402	970	364	
635	890	261	175	340	470	1035	383	
617	972	301	185	335	470	1158	448	
710	1058	311	183	424	563	1352	464	
761	1173	309	202	479	567	1450	468	
780	1333	361	225	465	605	1541	545	
853	1334	352	188	475	643	1619	551	
955	1555	373	216	539	626	1773	554	
962	1611	343	201	489	710	1804	606	
1084	1631	381	218	554	702	1991	625	
1060	1719	428	214	568	716	2000	631	
1203	1717	386	219	599	799	2067	598	
1083	1694	398	176	512	776	2073	555	
1108	1723	343	214	502	753	2168	694	
980	1625	355	218	516	703	2026	579	
1032	1549	342	212	509	703	1972	638	
968	1606	346	199	494	673	1861	577	
910	1427	326	199	458	646	1790	530	
764	1251	295	225	396	598	1588	444	
740	1144	274	228	372	527	1519	456	
728	978	250	248	363	522	1323	449	
615	896	245	222	302	454	1249	426	
508	751	251	196	283	408	1098	346	
420	694	231	221	267	375	952	298	
369	550	223	182	227	327	804	289	
399	541	206	221	180	372	818	280	
367	432	198	183	239	299	637	240	
276	371	191	176	190	260	567	232	
269	310	171	198	155	244	439	225	
218	274	192	208	125	236	402	217	
201	240	168	166	124	239	386	187	
188	207	153	211	112	211	307	186	
159	185	152	175	137	245	291	183	
160	174	147	196	122	221	256	148	
147	140	136	183	105	194	200	168	
145	132	151	196	133	209	221	170	
153	149	132	225	110	193	189	160	
148	129	167	215	127	214	163	188	
128	119	144	182	126	182	149	195	
149	114	157	179	148	203	160	162	
134	122	148	176	107	175	173	162	
159	113	141	168	116	169	147	176	
157	125	125	185	97	187	145	167	
132	112	140	159	132	238	157	185	
142	134	144	159	123	185	160	162	
148	104	151	166	118	194	131	156	
121	120	120	153	116	199	160	156	
157	148	147	120	117	231	171	168	
126	114	136	152	87	181	143	169	
136	122	156	175	119	209	180	170	
155	92	142	172	101	202	147	177	
144	117	139	152	97	228	159	163	
157	98	143	142	137	196	152	171	
145	120	160	148	116	230	147	198	
136	130	135	125	122	233	174	152	
147	129	137	132	125	203	156	189	
149	99	147	113	111	181	171	183	
170	114	143	138	132	225	149	187	
183	118	155	110	133	169	168	187	
171	128	124	113	131	208	177	183	
120	140	134	106	126	196	139	170	
148	123	155	96	105	215	160	181	
136	83	126	105	115	192	153	181	
147	120	153	116	131	231	152	165	
141	109	142	122	124	192	168	180	
155	115	159	100	122	234	144	154	
153	115	169	92	130	204	144	202	
138	94	161	90	117	193	136	161	
150	119	137	76	124	225	135	156	
130	114	132	93	124	245	172	205	
139	119	158	113	140	188	151	167	
143	110	169	79	112	243	149	169	
134	115	179	83	124	196	135	195	
164	110	144	89	130	211	172	201	
153	113	168	89	134	224	156	176	
156	158	167	90	131	233	157	192	
189	103	155	76	138	198	163	199	
155	109	155	85	112	205	185	180	
141	129	133	67	133	219	136	193	
136	127	184	82	129	230	152	183	
164	125	202	77	153	217	181	183	
133	128	169	70	140	254	167	173	
185	125	168	73	122	236	145	210	
167	115	164	75	121	241	178	226	
157	148	182	66	139	254	147	235	
183	134	189	82	147	264	155	204	
172	118	198	66	143	243	177	213	
197	148	206	69	130	259	177	215	
178	137	220	89	139	254	156	217	
200	151	174	69	141	271	201	240	
206	122	211	63	165	256	184	251	
195	153	187	70	133	286	169	257	
191	149	205	60	144	259	157	240	
237	118	227	66	159	264	180	302	
242	164	221	66	153	278	147	256	
245	140	220	79	149	298	185	280	
257	129	258	95	153	261	176	300	
266	141	258	67	146	283	181	286	
283	185	254	70	161	277	174	348	
328	135	283	70	178	307	210	377	
320	145	252	73	136	275	188	365	
362	185	286	77	177	299	206	410	
389	135	284	73	176	259	238	407	
403	109	272	90	161	304	196	449	
403	149	286	79	181	304	178	498	
445	174	317	76	195	293	200	557	
468	156	300	66	153	316	208	548	
480	148	337	95	162	326	231	504	
423	185	293	103	165	313	229	556	
482	144	306	73	182	323	238	526	
495	153	302	85	146	334	218	516	
460	174	341	95	173	323	222	579	
478	135	303	96	147	281	221	543	
493	165	307	86	182	290	198	512	
436	181	295	90	189	287	206	510	
417	139	277	83	151	253	215	460	
403	132	244	83	158	254	194	444	
391	148	266	75	143	300	177	386	
354	138	239	85	162	242	188	410	
332	129	226	69	140	288	168	393	
257	153	188	66	139	239	180	383	
281	149	220	70	137	225	165	318	
270	115	189	70	131	237	168	313	
285	117	203	62	117	241	171	256	
229	115	192	46	134	215	171	279	
230	125	157	52	138	242	161	244	
196	114	161	56	112	224	167	212	
174	117	180	56	110	220	140	239	
167	96	157	49	117	241	149	226	
173	129	159	49	145	208	152	196	
148	113	180	50	111	194	136	180	
145	125	160	60	111	200	157	198	
110	127	168	42	112	190	136	180	
120	112	145	36	105	209	136	195	
145	110	142	50	110	193	123	170	
128	122	159	42	117	191	126	199	
154	113	143	44	107	186	136	161	
130	112	161	54	117	164	128	176	
160	99	153	60	129	194	118	150	
162	106	147	62	110	200	103	156	
126	120	139	49	139	197	147	173	
128	119	140	50	114	210	114	177	
126	107	149	63	102	182	134	173	
116	123	142	44	130	230	118	180	
130	91	148	60	105	204	130	149	
132	130	155	52	101	202	136	151	
126	87	141	37	117	190	112	163	
133	117	185	75	114	193	128	169	
124	96	163	49	114	199	127	169	
150	120	145	44	108	224	134	149	
160	120	148	57	104	215	112	158	
149	120	158	47	101	226	141	170	
136	94	143	56	103	175	140	190	
139	107	156	56	112	204	131	169	
131	91	157	40	101	222	137	135	
120	88	147	57	116	214	134	199	
133	103	143	50	110	191	134	175	
155	114	164	44	103	216	165	163	
160	110	157	60	104	194	130	185	
159	137	137	60	108	194	132	175	
160	118	181	63	111	214	119	198	
148	125	165	63	99	231	124	149	
155	124	144	43	104	216	137	189	
153	120	174	54	124	197	136	196	
122	120	158	30	96	188	139	190	
165	113	151	49	130	207	145	196	
145	103	140	50	122	209	163	181	
147	120	160	54	112	204	172	189	
151	138	164	56	117	220	137	190	
142	115	160	53	119	236	151	204	
164	117	134	49	124	225	137	210	
160	84	142	60	131	220	140	200	
143	109	161	54	112	238	147	211	
143	109	145	53	129	210	140	219	
167	133	137	56	118	216	169	195	
149	104	184	57	119	217	161	200	
141	124	143	60	129	207	124	218	
151	133	172	46	117	220	126	192	
147	101	177	40	97	219	131	200	
179	97	145	57	124	197	140	200	
166	93	196	56	101	221	141	196	
161	97	184	40	104	238	120	208	
165	125	150	39	94	213	168	185	
159	134	183	44	102	215	136	193	
150	106	198	54	131	198	151	199	
160	104	173	54	105	228	122	207	
165	99	153	54	123	228	141	211	
166	123	177	54	105	231	132	212	
168	113	169	60	96	211	116	187	
170	92	184	53	112	219	134	215	
206	119	136	73	103	227	147	208	
162	101	195	54	129	220	147	199	
170	112	192	56	116	232	141	206	
159	134	176	70	116	221	130	223	
213	108	205	70	114	230	141	198	
211	110	169	67	117	248	139	214	
202	97	184	65	116	216	168	214	
185	124	181	76	107	247	155	202	
171	98	174	60	127	231	139	229	
184	122	175	54	144	234	164	231	
178	102	145	53	109	230	141	195	
187	138	181	60	112	228	157	219	
185	113	171	73	121	231	148	202	
172	113	184	89	109	233	159	194	
176	113	149	83	95	214	140	237	
160	106	167	50	122	208	140	189	
156	117	158	65	109	200	130	181	
150	106	188	75	97	205	124	192	
132	88	175	72	108	186	131	182	
136	106	187	66	112	214	135	168	
142	112	155	73	115	216	128	165	
150	129	163	65	97	199	134	160	
153	107	165	90	116	202	122	154	
116	122	135	76	104	186	120	171	
128	92	167	62	109	209	120	157	
107	118	181	67	107	205	132	165	
124	96	156	75	101	231	115	167	
141	125	167	67	121	210	107	157	
141	93	145	65	125	217	114	180	
138	107	145	70	87	227	140	170	
125	119	145	59	93	208	143	151	
143	97	167	70	126	215	107	157	
160	96	134	66	104	193	143	182	
130	119	175	69	107	204	130	165	
149	91	158	63	99	190	126	183	
121	87	159	47	112	215	127	149	
122	101	120	53	107	174	123	173	
128	107	161	82	118	221	128	152	
109	99	153	73	105	221	145	155	
147	107	139	70	97	196	140	158	
141	99	163	62	97	222	126	148	
117	139	160	65	122	224	127	180	
108	108	152	66	115	241	143	144	
120	112	145	77	122	214	132	187	
122	106	152	39	105	219	144	168	
138	118	149	47	125	196	124	176	
131	106	140	59	112	181	139	164	
114	93	137	80	103	193	122	145	
134	99	141	69	117	214	118	171	
132	98	164	50	115	214	119	176	
134	122	152	54	90	217	114	158	
139	118	126	80	122	213	128	181	
108	106	153	79	107	221	98	156	
115	92	109	66	119	210	134	181	
108	84	156	49	101	205	114	170	
130	97	126	53	107	227	107	186	
125	106	160	63	103	208	104	170	
130	119	132	62	110	215	127	175	
125	115	140	57	122	193	130	183	
127	107	175	62	105	211	116	188	
131	108	168	75	112	221	111	167	
134	132	159	49	117	205	149	171	
125	84	131	67	138	198	107	158	
132	117	124	70	115	193	167	158	
143	120	136	53	92	181	136	183	
121	112	140	54	124	234	124	144	
134	93	165	56	108	214	145	163	
125	123	149	59	100	196	141	170	
125	109	143	67	119	192	128	183	
120	93	151	70	112	228	116	189	
132	107	125	67	103	193	116	156	
141	119	145	65	107	248	115	168	
126	107	137	63	114	191	120	143	
131	106	136	66	130	204	124	155	
128	123	153	42	119	213	126	165	
125	99	151	76	114	174	130	169	
125	110	155	60	109	186	119	176	
137	128	164	63	96	213	104	164	
148	106	150	53	109	181	132	139	
137	113	155	65	104	209	116	183	
133	93	169	66	121	234	114	160	
142	120	152	52	109	210	145	174	
144	113	143	50	115	194	139	163	
133	88	184	50	125	213	134	162	
124	106	155	44	115	186	120	167	
159	87	129	56	115	171	136	170	
137	108	137	49	90	187	118	151	
136	120	155	65	127	191	118	165	
119	101	149	57	99	207	110	157	
128	103	153	66	117	177	115	175	
115	101	133	40	105	190	140	136	
117	110	157	49	100	211	144	163	
134	101	143	66	109	182	130	127	
125	101	157	69	107	236	151	160	
130	102	137	54	119	196	98	161	
133	127	149	59	109	202	122	160	
121	96	124	76	104	187	124	164	
116	117	160	70	111	204	137	148	
126	117	135	62	117	219	118	154	
117	112	143	62	109	209	122	165	
141	120	151	57	99	225	135	169	
143	106	150	62	105	193	141	162	
121	110	157	65	109	213	132	161	
128	114	121	65	93	230	118	165	
128	109	132	63	97	220	115	171	
147	98	137	69	131	197	124	154	
122	92	147	42	83	214	112	145	
138	103	123	66	85	217	119	170	
109	122	135	65	104	196	122	165	
141	114	152	47	112	227	99	152	
0	0	0	0	0	0	0	0	
0	0	0	0	0	0	0	0	
0	0	0	0	0	0	0	0	
0	0	0	0	0	0	0	0	
